"(0, 1.0)","(166, 0.0)","(153, 0.0)","(165, 0.0)","(164, 0.0)","(163, 0.0)","(162, 0.0)","(161, 0.0)","(160, 0.0)","(154, 0.0)"
"(0, 0.9431419372558594)","(1, 0.0568123459815979)","(160, 0.0)","(166, 0.0)","(161, 0.0)","(162, 0.0)","(165, 0.0)","(153, 0.0)","(163, 0.0)","(164, 0.0)"
"(0, 0.9321746826171875)","(1, 0.05488097667694092)","(2, 0.012932345271110535)","(160, 0.0)","(166, 0.0)","(161, 0.0)","(162, 0.0)","(165, 0.0)","(153, 0.0)","(163, 0.0)"
"(0, 0.9203834533691406)","(2, 0.0526890903711319)","(1, 0.015139400959014893)","(3, 0.01177227683365345)","(161, 0.0)","(167, 0.0)","(162, 0.0)","(163, 0.0)","(166, 0.0)","(154, 0.0)"
"(0, 0.9170974493026733)","(3, 0.052506156265735626)","(1, 0.01251344382762909)","(2, 0.012031858786940575)","(4, 0.005878886207938194)","(161, 0.0)","(167, 0.0)","(162, 0.0)","(163, 0.0)","(166, 0.0)"
"(0, 0.9052333831787109)","(4, 0.03765658289194107)","(3, 0.022327899932861328)","(5, 0.014378964900970459)","(1, 0.013659507036209106)","(2, 0.006743047386407852)","(167, 0.0)","(163, 0.0)","(162, 0.0)","(161, 0.0)"
"(0, 0.8959980010986328)","(5, 0.05395566672086716)","(6, 0.016461767256259918)","(3, 0.011902093887329102)","(4, 0.008613167330622673)","(1, 0.007684284821152687)","(2, 0.005374481901526451)","(162, 0.0)","(163, 0.0)","(165, 0.0)"
"(0, 0.8134670257568359)","(6, 0.07403038442134857)","(3, 0.03309975937008858)","(5, 0.03252594172954559)","(4, 0.015137236565351486)","(1, 0.011406170204281807)","(7, 0.010212939232587814)","(2, 0.010123278945684433)","(165, 0.0)","(162, 0.0)"
"(0, 0.8633314967155457)","(7, 0.04378760606050491)","(6, 0.024018794298171997)","(3, 0.018111668527126312)","(4, 0.01598980836570263)","(5, 0.014197610318660736)","(1, 0.008443353697657585)","(8, 0.007084973156452179)","(2, 0.005003053694963455)","(164, 0.0)"
"(0, 0.9151077270507812)","(8, 0.03679566830396652)","(7, 0.010547216981649399)","(9, 0.008101006969809532)","(6, 0.007534209638834)","(1, 0.005927823483943939)","(5, 0.005335021764039993)","(3, 0.005119066685438156)","(4, 0.003013068810105324)","(2, 0.0025330670177936554)"
"(0, 0.8982925415039062)","(9, 0.03652120754122734)","(7, 0.010963423177599907)","(10, 0.010672427713871002)","(1, 0.009090565145015717)","(6, 0.00839141383767128)","(8, 0.0072961412370204926)","(5, 0.006431367248296738)","(3, 0.006312737241387367)","(2, 0.0036492012441158295)"
"(0, 0.8761940002441406)","(10, 0.04048210382461548)","(11, 0.014866255223751068)","(7, 0.013457287102937698)","(8, 0.009991070255637169)","(9, 0.00888630747795105)","(6, 0.007601018995046616)","(3, 0.0075761061161756516)","(1, 0.0073602888733148575)","(5, 0.005959026515483856)"
"(12, 0.3369922637939453)","(0, 0.3231945037841797)","(1, 0.06335973739624023)","(2, 0.03547823429107666)","(7, 0.029811620712280273)","(3, 0.029243528842926025)","(4, 0.02784755825996399)","(6, 0.027652502059936523)","(5, 0.026775717735290527)","(11, 0.026074528694152832)"
"(0, 0.4555625915527344)","(12, 0.3642306327819824)","(11, 0.04371519014239311)","(3, 0.023438354954123497)","(1, 0.017547449097037315)","(7, 0.016286438331007957)","(5, 0.014889076352119446)","(13, 0.013597413897514343)","(2, 0.011284511536359787)","(10, 0.011073056608438492)"
"(0, 0.5024662017822266)","(12, 0.3853425979614258)","(13, 0.051681309938430786)","(14, 0.015265502035617828)","(11, 0.00858239270746708)","(7, 0.007375847548246384)","(1, 0.006042074412107468)","(10, 0.0043441057205200195)","(6, 0.0038505662232637405)","(3, 0.003604436293244362)"
"(0, 0.49057579040527344)","(12, 0.3791849613189697)","(14, 0.04774709790945053)","(13, 0.025760158896446228)","(15, 0.009246502071619034)","(7, 0.0072952136397361755)","(11, 0.007159870117902756)","(1, 0.0065832436084747314)","(3, 0.005699023604393005)","(5, 0.0038979612290859222)"
"(0, 0.50592041015625)","(12, 0.3873920440673828)","(15, 0.04327763617038727)","(16, 0.017074480652809143)","(13, 0.009984984993934631)","(14, 0.006618615239858627)","(11, 0.0064935628324747086)","(1, 0.0038066692650318146)","(5, 0.0033402256667613983)","(7, 0.002999981865286827)"
"(0, 0.48161768913269043)","(12, 0.3621680736541748)","(16, 0.07306024432182312)","(15, 0.018721895292401314)","(13, 0.013748880475759506)","(17, 0.008277755230665207)","(14, 0.007955290377140045)","(11, 0.005713900551199913)","(1, 0.005460020154714584)","(7, 0.004185879603028297)"
"(0, 0.5037841796875)","(12, 0.3801231384277344)","(17, 0.03517525643110275)","(16, 0.024826660752296448)","(18, 0.018760312348604202)","(15, 0.009289106354117393)","(13, 0.006346024572849274)","(14, 0.00507798045873642)","(1, 0.0028229113668203354)","(11, 0.0026820115745067596)"
"(0, 0.4920591711997986)","(12, 0.36727017164230347)","(18, 0.057867810130119324)","(16, 0.023710638284683228)","(15, 0.010429397225379944)","(17, 0.010245740413665771)","(13, 0.008768424391746521)","(19, 0.007812311872839928)","(14, 0.0038586799055337906)","(11, 0.002921333536505699)"
"(0, 0.49022388458251953)","(12, 0.3721332550048828)","(18, 0.040499523282051086)","(16, 0.02342214435338974)","(19, 0.023392442613840103)","(20, 0.008717164397239685)","(15, 0.008527498692274094)","(13, 0.007845262065529823)","(17, 0.006946973502635956)","(14, 0.0034942105412483215)"
"(0, 0.4962243437767029)","(12, 0.3858899772167206)","(20, 0.039233580231666565)","(16, 0.012061411514878273)","(18, 0.008730599656701088)","(21, 0.008297979831695557)","(19, 0.006500892341136932)","(13, 0.005824042484164238)","(15, 0.005667107179760933)","(17, 0.005315657705068588)"
"(0, 0.49091053009033203)","(12, 0.3783588409423828)","(21, 0.028620965778827667)","(22, 0.016513641923666)","(16, 0.014680687338113785)","(20, 0.01310160756111145)","(18, 0.008439894765615463)","(13, 0.006212962791323662)","(15, 0.006149204447865486)","(17, 0.005513831973075867)"
"(0, 0.49040746688842773)","(12, 0.3769974708557129)","(22, 0.04206906631588936)","(16, 0.01927594467997551)","(23, 0.008094437420368195)","(13, 0.007741687819361687)","(20, 0.007583584636449814)","(18, 0.006970496848225594)","(15, 0.0067983828485012054)","(14, 0.004309665411710739)"
"(0, 0.48299217224121094)","(12, 0.37018004059791565)","(23, 0.051246289163827896)","(16, 0.01967989280819893)","(22, 0.010580785572528839)","(13, 0.01055319607257843)","(15, 0.007170788943767548)","(20, 0.006344376131892204)","(18, 0.006083311513066292)","(24, 0.005818009376525879)"
"(0, 0.47172343730926514)","(12, 0.3704884350299835)","(24, 0.0437500961124897)","(23, 0.020521141588687897)","(22, 0.010495653375983238)","(25, 0.00960678979754448)","(16, 0.00882895290851593)","(13, 0.008145580068230629)","(20, 0.0070589520037174225)","(15, 0.006233563646674156)"
"(0, 0.48940467834472656)","(12, 0.38730812072753906)","(25, 0.031755611300468445)","(24, 0.014971835538744926)","(26, 0.01309192180633545)","(23, 0.009235180914402008)","(13, 0.005827991291880608)","(22, 0.004452995955944061)","(15, 0.0038101356476545334)","(10, 0.00366208516061306)"
"(0, 0.502716064453125)","(12, 0.42542266845703125)","(27, 0.0160084068775177)","(26, 0.008575446903705597)","(1, 0.006107509136199951)","(13, 0.0049205683171749115)","(25, 0.003930535167455673)","(24, 0.0029147714376449585)","(23, 0.002420686185359955)","(20, 0.002022121101617813)"
"(0, 0.4524383544921875)","(12, 0.35646939277648926)","(26, 0.08604449033737183)","(24, 0.01306910254061222)","(25, 0.009845301508903503)","(27, 0.009795397520065308)","(28, 0.009273618459701538)","(23, 0.008938418701291084)","(13, 0.008310515433549881)","(15, 0.004228426143527031)"
"(0, 0.47523975372314453)","(12, 0.36957883834838867)","(28, 0.04537433758378029)","(26, 0.014614403247833252)","(24, 0.014331880956888199)","(29, 0.011687763035297394)","(23, 0.007744131609797478)","(27, 0.007070302963256836)","(25, 0.006158841773867607)","(13, 0.005727341398596764)"
"(0, 0.4249916076660156)","(12, 0.34101366996765137)","(29, 0.04349604249000549)","(13, 0.02874036133289337)","(23, 0.01412966288626194)","(30, 0.013190465047955513)","(15, 0.012660855427384377)","(26, 0.011934267356991768)","(14, 0.011154575273394585)","(16, 0.010041307657957077)"
"(0, 0.48519396781921387)","(12, 0.39174532890319824)","(30, 0.039527617394924164)","(31, 0.010592341423034668)","(13, 0.009898651391267776)","(1, 0.009835287928581238)","(27, 0.005853980779647827)","(29, 0.0038211867213249207)","(15, 0.0036400873214006424)","(26, 0.0031242985278367996)"
"(0, 0.4893198013305664)","(12, 0.3912506103515625)","(31, 0.03651320934295654)","(32, 0.019365690648555756)","(1, 0.008794616907835007)","(30, 0.008161455392837524)","(27, 0.0073026493191719055)","(13, 0.00420789048075676)","(28, 0.00303756445646286)","(29, 0.0028454288840293884)"
"(0, 0.4838533401489258)","(12, 0.39141845703125)","(32, 0.03621605783700943)","(33, 0.02118554152548313)","(31, 0.008350443094968796)","(1, 0.008216341957449913)","(30, 0.00738062709569931)","(27, 0.00503125786781311)","(13, 0.003552734851837158)","(29, 0.0032912269234657288)"
"(0, 0.49341368675231934)","(12, 0.3959525227546692)","(33, 0.04634036123752594)","(34, 0.0074539221823215485)","(1, 0.006991233676671982)","(27, 0.006261302158236504)","(30, 0.005540639162063599)","(31, 0.005080649629235268)","(32, 0.004312140867114067)","(13, 0.002829141914844513)"
"(0, 0.44818729162216187)","(12, 0.3715742826461792)","(35, 0.007150669116526842)","(33, 0.00588533328846097)","(27, 0.004968171939253807)","(30, 0.004167431499809027)","(1, 0.0041145519353449345)","(31, 0.003940252587199211)","(32, 0.0032594697549939156)","(34, 0.0031936783343553543)"
"(0, 0.4362837076187134)","(12, 0.364348828792572)","(36, 0.005380632355809212)","(35, 0.005089069716632366)","(27, 0.0030979057773947716)","(33, 0.002732824068516493)","(1, 0.0025634863413870335)","(30, 0.0024134835693985224)","(13, 0.0016352521488443017)","(26, 0.0013305351603776217)"
"(0, 0.42216503620147705)","(12, 0.3584594130516052)","(37, 0.005546682979911566)","(36, 0.003978009335696697)","(27, 0.002993472386151552)","(35, 0.0027089715003967285)","(1, 0.0021737918723374605)","(30, 0.0020481226965785027)","(33, 0.0017679184675216675)","(13, 0.0013358573196455836)"
"(0, 0.43361496925354004)","(12, 0.3683367967605591)","(38, 0.00457275053486228)","(37, 0.00341812614351511)","(27, 0.00195867195725441)","(36, 0.0016854454297572374)","(35, 0.0016816824208945036)","(1, 0.0015887063927948475)","(30, 0.0013479017652571201)","(33, 0.0012220008065924048)"
"(0, 0.4150286912918091)","(12, 0.3542015254497528)","(39, 0.005611115600913763)","(38, 0.0033566486090421677)","(27, 0.0020339996553957462)","(37, 0.0018250957364216447)","(1, 0.0015571119729429483)","(36, 0.001322679570876062)","(35, 0.00132248573936522)","(30, 0.0011815465986728668)"
"(0, 0.43163132667541504)","(12, 0.364071249961853)","(40, 0.004517989698797464)","(39, 0.0031256992369890213)","(27, 0.002101191785186529)","(1, 0.001268907799385488)","(38, 0.001243510516360402)","(37, 0.0011575184762477875)","(35, 0.0010050460696220398)","(30, 0.0010049327975139022)"
"(0, 0.42403388023376465)","(12, 0.365548312664032)","(41, 0.004578889813274145)","(40, 0.00305687403306365)","(27, 0.0017943953862413764)","(39, 0.0014285814249888062)","(1, 0.0011219661682844162)","(35, 0.0009419096750207245)","(37, 0.0008559977868571877)","(38, 0.0008474692003801465)"
"(0, 0.4327423572540283)","(12, 0.37731361389160156)","(42, 0.004147839266806841)","(41, 0.0026086154393851757)","(27, 0.0012458991259336472)","(40, 0.0011518606916069984)","(1, 0.0009441195288673043)","(39, 0.0008784819510765374)","(35, 0.0007387506775557995)","(37, 0.0006632799631915987)"
"(0, 0.42844724655151367)","(12, 0.3741339445114136)","(43, 0.003993198741227388)","(42, 0.002571193501353264)","(27, 0.0012354939244687557)","(41, 0.0012163934297859669)","(1, 0.0009009174536913633)","(40, 0.0008572047227062285)","(39, 0.0007410958642140031)","(37, 0.000706444145180285)"
"(0, 0.4131995439529419)","(12, 0.3639923930168152)","(44, 0.005349612329155207)","(43, 0.002557509345933795)","(27, 0.0012150974944233894)","(42, 0.0011462982511147857)","(41, 0.0008654435514472425)","(1, 0.0008258719462901354)","(40, 0.0006631237338297069)","(39, 0.0006628569099120796)"
"(0, 0.4198535084724426)","(12, 0.3668399453163147)","(45, 0.004477061331272125)","(44, 0.0028405184857547283)","(43, 0.0011576730757951736)","(27, 0.0010427969973534346)","(42, 0.0007956068147905171)","(1, 0.0006700148805975914)","(41, 0.0006519390153698623)","(39, 0.0006022186717018485)"
"(0, 0.44208866357803345)","(12, 0.38040462136268616)","(46, 0.003799210535362363)","(45, 0.0019260580884292722)","(44, 0.0010005267104133964)","(27, 0.000977897085249424)","(43, 0.00068714062217623)","(1, 0.0005652621621266007)","(41, 0.000490521197207272)","(42, 0.0004886970273219049)"
"(0, 0.4365324378013611)","(12, 0.37243348360061646)","(47, 0.004240252543240786)","(46, 0.0016833044355735183)","(27, 0.001027403981424868)","(45, 0.0009136300650425255)","(44, 0.000811791280284524)","(43, 0.0005809746216982603)","(41, 0.0005383326206356287)","(42, 0.00048224368947558105)"
"(0, 0.44905978441238403)","(12, 0.38987934589385986)","(48, 0.00362938130274415)","(47, 0.0019431498367339373)","(27, 0.0006912271492183208)","(46, 0.0005809512222185731)","(45, 0.0004997322103008628)","(44, 0.00046521821059286594)","(43, 0.0004008698451798409)","(1, 0.0003679312067106366)"
"(0, 0.4325953722000122)","(12, 0.3921598792076111)","(49, 0.0036987136118113995)","(48, 0.0019340605940669775)","(47, 0.0008745898958295584)","(27, 0.0005915006622672081)","(44, 0.000509805919136852)","(46, 0.00047913764137774706)","(45, 0.00045120326103642583)","(43, 0.00043769500916823745)"
"(0, 0.4511532783508301)","(12, 0.3989035189151764)","(50, 0.003203161060810089)","(49, 0.0018585592042654753)","(48, 0.0006569634424522519)","(27, 0.0004902067594230175)","(47, 0.0004786480567418039)","(44, 0.0003506232751533389)","(1, 0.0003326009027659893)","(43, 0.0002983166486956179)"
"(0, 0.2041580080986023)","(12, 0.19548332691192627)","(51, 0.009380809031426907)","(27, 0.00415060156956315)","(1, 0.0026946610305458307)","(30, 0.0020170414354652166)","(13, 0.0019566609989851713)","(35, 0.0019387596985325217)","(33, 0.0018592486158013344)","(37, 0.0017695976421236992)"
"(0, 0.12977656722068787)","(12, 0.1278737485408783)","(51, 0.013100426644086838)","(52, 0.008623885922133923)","(27, 0.0033732145093381405)","(1, 0.002612050622701645)","(35, 0.0018860214622691274)","(13, 0.001700099091976881)","(30, 0.001699051703326404)","(41, 0.0015977277653291821)"
"(0, 0.13838887214660645)","(12, 0.1322212815284729)","(52, 0.011782770976424217)","(51, 0.009552127681672573)","(53, 0.007125637494027615)","(27, 0.0023593518417328596)","(1, 0.0017044495325535536)","(13, 0.0013105104444548488)","(35, 0.0012159509351477027)","(30, 0.0011303903302177787)"
"(0, 0.13389238715171814)","(12, 0.12933945655822754)","(52, 0.00983708631247282)","(51, 0.008737048134207726)","(53, 0.00864977017045021)","(54, 0.005558655131608248)","(27, 0.002059738151729107)","(1, 0.0014021743554621935)","(37, 0.0009395701345056295)","(30, 0.0009303420083597302)"
"(0, 0.13386985659599304)","(12, 0.12931707501411438)","(52, 0.008358869701623917)","(51, 0.00716041587293148)","(53, 0.00666582677513361)","(54, 0.006311152596026659)","(55, 0.0048552933149039745)","(27, 0.0016640604007989168)","(1, 0.0014058168744668365)","(35, 0.0009417129913344979)"
"(0, 0.08041012287139893)","(12, 0.07799839973449707)","(52, 0.008049906231462955)","(51, 0.007289235480129719)","(53, 0.0066835591569542885)","(55, 0.006629804614931345)","(54, 0.0056463200598955154)","(56, 0.004992759320884943)","(27, 0.0017827912233769894)","(1, 0.001347714802250266)"
"(0, 0.06174531579017639)","(12, 0.06065189838409424)","(52, 0.007512766867876053)","(56, 0.006949688773602247)","(51, 0.006742714438587427)","(53, 0.00597808975726366)","(55, 0.0056381248869001865)","(54, 0.0052860393188893795)","(57, 0.004340336658060551)","(27, 0.0018696156330406666)"
"(0, 0.0774981677532196)","(12, 0.07376646995544434)","(57, 0.0065967063419520855)","(52, 0.006595844868570566)","(56, 0.0057999249547719955)","(51, 0.0056482781656086445)","(53, 0.005325432866811752)","(55, 0.005046631675213575)","(54, 0.004500166978687048)","(58, 0.0035247700288891792)"
"(0, 0.0660226047039032)","(12, 0.0647534728050232)","(52, 0.00610381830483675)","(57, 0.005843144841492176)","(58, 0.0056846896186470985)","(56, 0.0056352936662733555)","(51, 0.005189763847738504)","(53, 0.005136518739163876)","(55, 0.0047335256822407246)","(54, 0.004393568262457848)"
"(0, 0.11581853032112122)","(12, 0.10718116164207458)","(57, 0.0051241712644696236)","(52, 0.0049579935148358345)","(59, 0.0047852215357124805)","(56, 0.004717115778476)","(58, 0.004597460851073265)","(51, 0.004223573487251997)","(53, 0.0041395192965865135)","(55, 0.004130349028855562)"
"(0, 0.07969576120376587)","(12, 0.07588991522789001)","(57, 0.0051252227276563644)","(52, 0.005069317761808634)","(56, 0.004986778367310762)","(58, 0.004696567542850971)","(51, 0.0045114196836948395)","(55, 0.004338087048381567)","(59, 0.004236292093992233)","(53, 0.00417170487344265)"
"(0, 0.05720485746860504)","(12, 0.056698307394981384)","(57, 0.005186914466321468)","(52, 0.005114453844726086)","(56, 0.005002012941986322)","(58, 0.004526075907051563)","(51, 0.004497798625379801)","(59, 0.0042228130623698235)","(55, 0.0041292388923466206)","(53, 0.004068159032613039)"
"(0, 0.04726110398769379)","(12, 0.04658466577529907)","(57, 0.004957089200615883)","(52, 0.004869525786489248)","(56, 0.004566553048789501)","(58, 0.004370363429188728)","(51, 0.004224962554872036)","(53, 0.003948690369725227)","(59, 0.003912543877959251)","(55, 0.003790459595620632)"
"(0, 0.05403989553451538)","(12, 0.05313858389854431)","(57, 0.00444044079631567)","(52, 0.0044148457236588)","(58, 0.004082213621586561)","(56, 0.004078827798366547)","(63, 0.004067881032824516)","(51, 0.0038133307825773954)","(59, 0.00369094405323267)","(53, 0.003645193064585328)"
"(12, 0.03303496539592743)","(0, 0.03290340304374695)","(52, 0.004225823096930981)","(57, 0.0041936952620744705)","(56, 0.003934490028768778)","(58, 0.0038535711355507374)","(64, 0.0037173526361584663)","(59, 0.0036598488222807646)","(51, 0.003530930494889617)","(53, 0.003518064972013235)"
"(12, 0.03873723745346069)","(0, 0.03851824998855591)","(65, 0.004307395778596401)","(57, 0.003961342852562666)","(52, 0.0038305690977722406)","(56, 0.003815648378804326)","(58, 0.00359896756708622)","(63, 0.0034991828724741936)","(64, 0.003472353331744671)","(59, 0.00340308272279799)"
"(12, 0.07772848010063171)","(0, 0.07772800326347351)","(66, 0.005223952233791351)","(65, 0.005007880739867687)","(64, 0.003738639410585165)","(63, 0.0032346376683562994)","(57, 0.0031861872412264347)","(56, 0.003025755751878023)","(67, 0.0029144270811229944)","(58, 0.0028008054941892624)"
"(0, 0.08222398161888123)","(12, 0.07930359244346619)","(65, 0.004661091603338718)","(66, 0.00413875188678503)","(64, 0.003497866913676262)","(57, 0.0031961475033313036)","(63, 0.003187255235388875)","(56, 0.003098012413829565)","(58, 0.002853658515959978)","(55, 0.002756322268396616)"
"(0, 0.08644145727157593)","(12, 0.08372446149587631)","(65, 0.004199272487312555)","(66, 0.0035356730222702026)","(64, 0.0033776811324059963)","(63, 0.003312828950583935)","(57, 0.0033045464660972357)","(56, 0.0032441371586173773)","(58, 0.002875732257962227)","(52, 0.0027661968488246202)"
"(0, 0.10302734375)","(12, 0.09712177515029907)","(65, 0.003981209360063076)","(57, 0.003442722139880061)","(64, 0.0033986999187618494)","(63, 0.0031798467971384525)","(66, 0.0030343274120241404)","(56, 0.0029527139849960804)","(58, 0.002948455512523651)","(52, 0.0026656079571694136)"
"(0, 0.0975668728351593)","(12, 0.09315818548202515)","(65, 0.004063094966113567)","(64, 0.0033727334812283516)","(57, 0.003239983692765236)","(58, 0.003145582042634487)","(63, 0.002925317967310548)","(66, 0.0028966404497623444)","(71, 0.0027277858462184668)","(59, 0.002720615128055215)"
"(0, 0.1007491946220398)","(12, 0.10017099976539612)","(65, 0.004049967974424362)","(64, 0.0031057451851665974)","(66, 0.0029929650481790304)","(58, 0.002967266831547022)","(52, 0.0029362933710217476)","(59, 0.0028907249215990305)","(63, 0.002811562269926071)","(57, 0.002808697521686554)"
"(0, 0.10765594244003296)","(12, 0.1061868667602539)","(65, 0.0036423869896680117)","(64, 0.002923492807894945)","(66, 0.002853909507393837)","(52, 0.0028485064394772053)","(63, 0.002831585006788373)","(56, 0.002710609696805477)","(57, 0.0026643716264516115)","(59, 0.002660689875483513)"
"(0, 0.11429524421691895)","(12, 0.11120063066482544)","(65, 0.0035027614794671535)","(64, 0.0030137489084154367)","(57, 0.002849749755114317)","(63, 0.002844742266461253)","(52, 0.002720046788454056)","(56, 0.0026111111510545015)","(66, 0.002573721343651414)","(51, 0.0025473623536527157)"
"(0, 0.11970040202140808)","(12, 0.11615327000617981)","(65, 0.0035853590816259384)","(64, 0.0030102354940027)","(52, 0.003006319049745798)","(63, 0.0029528182931244373)","(57, 0.002774604829028249)","(56, 0.002553192898631096)","(58, 0.002541768830269575)","(62, 0.0024225893430411816)"
"(0, 0.1117154061794281)","(12, 0.11032462120056152)","(65, 0.003638381138443947)","(64, 0.0031517506577074528)","(63, 0.003110043238848448)","(52, 0.002894367091357708)","(56, 0.002763390075415373)","(57, 0.0027116574347019196)","(66, 0.0025266155134886503)","(58, 0.002501250244677067)"
"(0, 0.12169110774993896)","(12, 0.11973187327384949)","(65, 0.003667087759822607)","(64, 0.0032169404439628124)","(57, 0.002872616518288851)","(63, 0.002835765015333891)","(56, 0.0026008295826613903)","(52, 0.0025221207179129124)","(66, 0.0024671161081641912)","(58, 0.0023524765856564045)"
"(12, 0.10920512676239014)","(0, 0.10869100689888)","(65, 0.0039090681821107864)","(64, 0.003112493082880974)","(57, 0.002843578578904271)","(52, 0.0026706273201853037)","(56, 0.002647718880325556)","(58, 0.0026445621624588966)","(66, 0.0026331525295972824)","(63, 0.0025064211804419756)"
"(12, 0.12122707068920135)","(0, 0.1169319897890091)","(65, 0.003625012468546629)","(56, 0.0029123383574187756)","(52, 0.002788821468129754)","(57, 0.002750454004853964)","(66, 0.0027288810815662146)","(64, 0.002614877186715603)","(58, 0.0024947267957031727)","(59, 0.0023477680515497923)"
"(12, 0.13488751649856567)","(0, 0.13303710520267487)","(65, 0.003046679776161909)","(57, 0.003028854262083769)","(56, 0.0027199110481888056)","(52, 0.002564336871728301)","(63, 0.002463705837726593)","(66, 0.002443975768983364)","(64, 0.002429146319627762)","(58, 0.0024179129395633936)"
"(0, 0.14234742522239685)","(12, 0.14054635167121887)","(65, 0.002948399167507887)","(57, 0.0029067001305520535)","(58, 0.002692829817533493)","(64, 0.0026510991156101227)","(56, 0.0024395480286329985)","(63, 0.0024001908022910357)","(81, 0.0023823000956326723)","(52, 0.002337818033993244)"
"(0, 0.15263617038726807)","(12, 0.149290531873703)","(65, 0.003164364490658045)","(64, 0.002592576202005148)","(58, 0.002557932399213314)","(57, 0.002492648083716631)","(56, 0.0024577316362410784)","(59, 0.002407738007605076)","(63, 0.002310909330844879)","(55, 0.002221891423687339)"
"(0, 0.14768743515014648)","(12, 0.14468857645988464)","(65, 0.0030509955249726772)","(83, 0.002739484654739499)","(56, 0.0026082617696374655)","(57, 0.0026001092046499252)","(63, 0.002510450081899762)","(64, 0.002487275516614318)","(59, 0.0022875703871250153)","(58, 0.0022732196375727654)"
"(0, 0.12407383322715759)","(12, 0.12296375632286072)","(65, 0.0031480572652071714)","(57, 0.0029267638456076384)","(64, 0.0028536375612020493)","(84, 0.002616382669657469)","(63, 0.0025836860295385122)","(56, 0.002544248476624489)","(58, 0.0024602506309747696)","(66, 0.0021881929133087397)"
"(12, 0.11460685729980469)","(0, 0.11190450191497803)","(65, 0.0034313928335905075)","(64, 0.002786987693980336)","(57, 0.0027675493620336056)","(58, 0.0026818972546607256)","(63, 0.0025696512311697006)","(85, 0.002459249459207058)","(56, 0.002392802620306611)","(84, 0.0022810841910541058)"
"(12, 0.14058595895767212)","(0, 0.1357240080833435)","(65, 0.0031249525491148233)","(86, 0.0028137455228716135)","(63, 0.002673725364729762)","(64, 0.002563746413215995)","(57, 0.002325404668226838)","(58, 0.002291414886713028)","(59, 0.00223586056381464)","(66, 0.002190524945035577)"
"(12, 0.13510668277740479)","(0, 0.13170239329338074)","(65, 0.00314985029399395)","(87, 0.003062116913497448)","(64, 0.0028898094315081835)","(63, 0.0026028831489384174)","(52, 0.0024645228404551744)","(57, 0.002350524067878723)","(58, 0.002123379847034812)","(66, 0.002116225194185972)"
"(0, 0.13545885682106018)","(12, 0.13363045454025269)","(65, 0.003544954117387533)","(64, 0.0028486154042184353)","(88, 0.0025979955680668354)","(52, 0.002557074651122093)","(63, 0.0023184341844171286)","(57, 0.0022183051332831383)","(58, 0.0021551756653934717)","(66, 0.0021057326812297106)"
"(12, 0.14497292041778564)","(0, 0.14414742588996887)","(65, 0.0034196637570858)","(64, 0.002539818175137043)","(52, 0.0024284084793180227)","(66, 0.002390933223068714)","(63, 0.002371786627918482)","(89, 0.0022854029666632414)","(57, 0.0020380120258778334)","(53, 0.00201303674839437)"
"(12, 0.16811364889144897)","(0, 0.16176114976406097)","(65, 0.0028918422758579254)","(90, 0.002598612569272518)","(63, 0.0024630120024085045)","(64, 0.002461389172822237)","(66, 0.002129038330167532)","(56, 0.0020952075719833374)","(52, 0.0020619165152311325)","(55, 0.0020101522095501423)"
"(12, 0.16043321788311005)","(0, 0.15654340386390686)","(65, 0.0030778925865888596)","(64, 0.002748036989942193)","(56, 0.0024379126261919737)","(91, 0.0023879092186689377)","(63, 0.002327969763427973)","(57, 0.0022860837634652853)","(55, 0.0020768516696989536)","(66, 0.0019100087229162455)"
"(12, 0.1600172519683838)","(0, 0.1535121202468872)","(65, 0.0032549994066357613)","(92, 0.0026969786267727613)","(57, 0.002550350036472082)","(64, 0.0025293517392128706)","(56, 0.0024221730418503284)","(52, 0.0021057422272861004)","(63, 0.0021018737461417913)","(58, 0.0019989698193967342)"
"(12, 0.15292026102542877)","(0, 0.1461019665002823)","(65, 0.0030056184623390436)","(57, 0.002547063399106264)","(93, 0.0025434012059122324)","(52, 0.0023436439223587513)","(64, 0.002313596662133932)","(58, 0.00228345999494195)","(56, 0.002271199831739068)","(66, 0.0021393070928752422)"
"(12, 0.18166601657867432)","(0, 0.17549297213554382)","(65, 0.0027046222239732742)","(94, 0.0023945660796016455)","(57, 0.0023494712077081203)","(64, 0.0022312328219413757)","(58, 0.002186346799135208)","(52, 0.0020816936157643795)","(56, 0.0019678031094372272)","(59, 0.0019424536731094122)"
"(12, 0.2082117795944214)","(0, 0.20352452993392944)","(65, 0.002538801170885563)","(95, 0.002285489346832037)","(58, 0.00200125714763999)","(57, 0.001975415972992778)","(64, 0.0019657223019748926)","(52, 0.001908758538775146)","(59, 0.001846845494583249)","(56, 0.0016847207443788648)"
"(12, 0.19528430700302124)","(0, 0.1896514892578125)","(65, 0.0024534440599381924)","(96, 0.0021548159420490265)","(56, 0.001976173371076584)","(52, 0.0019553140737116337)","(55, 0.0018796519143506885)","(64, 0.0018700200598686934)","(58, 0.0018589271930977702)","(59, 0.0018486781045794487)"
"(12, 0.19790545105934143)","(0, 0.1921810507774353)","(97, 0.0023807676043361425)","(65, 0.0022326309699565172)","(56, 0.002221653936430812)","(57, 0.0020878645591437817)","(63, 0.0019157167989760637)","(64, 0.0018610922852531075)","(52, 0.0018482485320419073)","(55, 0.0017179263522848487)"
"(12, 0.2248203158378601)","(0, 0.22095245122909546)","(98, 0.002712039742618799)","(57, 0.0020918496884405613)","(65, 0.0020592045038938522)","(63, 0.001969646429643035)","(64, 0.0019169553415849805)","(56, 0.0018316837958991528)","(52, 0.0017110492335632443)","(51, 0.0016953694866970181)"
"(12, 0.18517762422561646)","(0, 0.17591774463653564)","(99, 0.0025756778195500374)","(65, 0.002501733135432005)","(64, 0.002349959220737219)","(52, 0.002325870795175433)","(63, 0.0021511390805244446)","(57, 0.002107139676809311)","(51, 0.002082213293761015)","(58, 0.0020190845243632793)"
"(12, 0.16669723391532898)","(0, 0.15663093328475952)","(65, 0.002872622571885586)","(52, 0.0025929773692041636)","(100, 0.002485014498233795)","(64, 0.0023911476600915194)","(63, 0.0021079627331346273)","(57, 0.002051818883046508)","(51, 0.0019670813344419003)","(58, 0.0019120180513709784)"
"(12, 0.17833206057548523)","(0, 0.17128872871398926)","(65, 0.0028179199434816837)","(101, 0.00238219671882689)","(52, 0.0023442222736775875)","(64, 0.0022710030898451805)","(53, 0.001973316539078951)","(57, 0.0019501580391079187)","(63, 0.0018172720447182655)","(51, 0.0018105503404513001)"
"(12, 0.1952577829360962)","(0, 0.1826416254043579)","(65, 0.002583589870482683)","(102, 0.002461045980453491)","(52, 0.0021230841521173716)","(64, 0.0019195028580725193)","(55, 0.0018733928445726633)","(56, 0.0017794131999835372)","(57, 0.0017452563624829054)","(53, 0.001727003837004304)"
"(12, 0.19689127802848816)","(0, 0.1815323829650879)","(103, 0.002844142261892557)","(65, 0.002292236313223839)","(56, 0.002210619393736124)","(55, 0.0020349170081317425)","(52, 0.0018682212103158236)","(57, 0.001867902697995305)","(63, 0.0017507108859717846)","(102, 0.001743223867379129)"
"(12, 0.1890610158443451)","(0, 0.1781490445137024)","(104, 0.0026191002689301968)","(56, 0.0024592424742877483)","(57, 0.0023903464898467064)","(65, 0.0021317675709724426)","(63, 0.002004332607612014)","(64, 0.001995824044570327)","(55, 0.001953443046659231)","(103, 0.0019504450028762221)"
"(12, 0.20068088173866272)","(0, 0.19092732667922974)","(57, 0.002518844325095415)","(105, 0.0024928455241024494)","(65, 0.0023295930586755276)","(56, 0.002228874247521162)","(64, 0.002145166276022792)","(58, 0.002044313121587038)","(63, 0.0018048530910164118)","(55, 0.0017772817518562078)"
"(12, 0.17718327045440674)","(0, 0.16966375708580017)","(65, 0.0027196728624403477)","(106, 0.0025493346620351076)","(57, 0.002433427143841982)","(58, 0.002353833056986332)","(56, 0.002185058780014515)","(52, 0.0021159430034458637)","(64, 0.0021035210229456425)","(59, 0.0019133258610963821)"
"(12, 0.19993799924850464)","(0, 0.189938485622406)","(65, 0.0023870309814810753)","(107, 0.0023099095560610294)","(57, 0.002208581194281578)","(52, 0.0020646885968744755)","(58, 0.0020613358356058598)","(59, 0.0019758399575948715)","(64, 0.0019159670919179916)","(56, 0.001830593217164278)"
"(12, 0.22102484107017517)","(0, 0.2108020782470703)","(108, 0.002289974130690098)","(65, 0.0022095083259046078)","(58, 0.001869494211860001)","(57, 0.0018260919023305178)","(64, 0.0017957482486963272)","(59, 0.0017420556396245956)","(52, 0.001729172421619296)","(56, 0.0015383838908746839)"
"(12, 0.19192227721214294)","(0, 0.18296730518341064)","(109, 0.002389026340097189)","(65, 0.002304887166246772)","(64, 0.0018151261610910296)","(56, 0.0017771522980183363)","(59, 0.0017744164215400815)","(58, 0.00176027521956712)","(55, 0.0017584298038855195)","(57, 0.001742771128192544)"
"(12, 0.20742791891098022)","(0, 0.19525933265686035)","(110, 0.002367170061916113)","(65, 0.0020834594033658504)","(63, 0.0020194919779896736)","(56, 0.001965528354048729)","(64, 0.0018175207078456879)","(57, 0.001785159925930202)","(52, 0.0017642746679484844)","(55, 0.0016839993186295033)"
"(12, 0.22790607810020447)","(0, 0.21990510821342468)","(64, 0.002138985088095069)","(65, 0.0021002287976443768)","(63, 0.0020988001488149166)","(111, 0.0020613325759768486)","(57, 0.0019267601892352104)","(56, 0.0018741813255473971)","(52, 0.0016294571105390787)","(58, 0.001488549169152975)"
"(12, 0.22842919826507568)","(0, 0.21723639965057373)","(65, 0.002531158970668912)","(112, 0.0023436150513589382)","(64, 0.00228986912406981)","(57, 0.001930614118464291)","(63, 0.0019064312800765038)","(58, 0.0016669775359332561)","(52, 0.0016498016193509102)","(56, 0.001612441148608923)"
"(12, 0.21070235967636108)","(0, 0.19381773471832275)","(65, 0.002868467476218939)","(113, 0.002781522460281849)","(64, 0.0022170008160173893)","(52, 0.0019792569801211357)","(63, 0.0019068304682150483)","(58, 0.0018447993788868189)","(57, 0.0018253384623676538)","(56, 0.0016334588872268796)"
"(12, 0.2610817849636078)","(0, 0.23460322618484497)","(65, 0.0023228968493640423)","(114, 0.002309707924723625)","(64, 0.0018270706059411168)","(52, 0.0017016103956848383)","(113, 0.001532936468720436)","(66, 0.0014976561069488525)","(56, 0.0014428881695494056)","(63, 0.0014275902649387717)"
"(12, 0.23977947235107422)","(0, 0.2175411581993103)","(65, 0.0023994797375053167)","(115, 0.0023404841776937246)","(52, 0.001809940324164927)","(64, 0.0017584596062079072)","(57, 0.0016504732193425298)","(56, 0.0015462808078154922)","(66, 0.001528350287117064)","(51, 0.0014570696512237191)"
"(12, 0.20226633548736572)","(0, 0.1866130828857422)","(116, 0.002815638668835163)","(65, 0.0022769514471292496)","(52, 0.0019683013670146465)","(57, 0.0017337827011942863)","(56, 0.0017237516585737467)","(64, 0.0016928463010117412)","(55, 0.0016601469833403826)","(115, 0.0016241802368313074)"
"(12, 0.1983335018157959)","(0, 0.18210828304290771)","(117, 0.002630203729495406)","(65, 0.0020695189014077187)","(56, 0.0020076758228242397)","(52, 0.0019214529311284423)","(63, 0.0018669478595256805)","(57, 0.0018663054797798395)","(64, 0.0018256508046761155)","(116, 0.0017937796656042337)"
"(12, 0.21953660249710083)","(0, 0.2092340588569641)","(118, 0.0025657452642917633)","(65, 0.0020479452796280384)","(57, 0.0019322149455547333)","(64, 0.0019286245806142688)","(56, 0.0018434289377182722)","(63, 0.0017733993008732796)","(117, 0.0017428738065063953)","(52, 0.001599237322807312)"
"(12, 0.22580116987228394)","(0, 0.21721580624580383)","(119, 0.002817749045789242)","(65, 0.0022163898684084415)","(64, 0.0018932459643110633)","(57, 0.0018389530014246702)","(56, 0.0017122119897976518)","(58, 0.0016290182247757912)","(118, 0.0016209045425057411)","(52, 0.0015703444369137287)"
"(12, 0.21761125326156616)","(0, 0.2007436752319336)","(120, 0.002850886434316635)","(65, 0.0023767563980072737)","(57, 0.0018801633268594742)","(56, 0.0018328544683754444)","(119, 0.0017477718647569418)","(64, 0.0017338187899440527)","(58, 0.001720867003314197)","(52, 0.0017008157446980476)"
"(12, 0.23632237315177917)","(0, 0.21806374192237854)","(121, 0.002522270195186138)","(65, 0.0020293458364903927)","(57, 0.001874342793598771)","(120, 0.0018235587049275637)","(56, 0.0016648670425638556)","(58, 0.0016366193303838372)","(64, 0.0015780285466462374)","(52, 0.0015029356582090259)"
"(12, 0.21331387758255005)","(0, 0.19634413719177246)","(122, 0.0029078428633511066)","(65, 0.002003301400691271)","(57, 0.0018450245261192322)","(64, 0.0017651141388341784)","(58, 0.001761669060215354)","(52, 0.0017247492214664817)","(51, 0.0016649099998176098)","(56, 0.0016005942597985268)"
"(12, 0.2318589687347412)","(0, 0.2123476266860962)","(123, 0.0023654280230402946)","(65, 0.0020059063099324703)","(52, 0.001960484078153968)","(122, 0.0017032097093760967)","(64, 0.0016249698819592595)","(57, 0.0015804748982191086)","(51, 0.0015794092323631048)","(56, 0.001575546688400209)"
"(12, 0.2457210123538971)","(0, 0.23110955953598022)","(124, 0.002637239405885339)","(52, 0.0018579273018985987)","(65, 0.0018324647098779678)","(64, 0.0015708322171121836)","(63, 0.0015475117834284902)","(57, 0.0015194930601865053)","(56, 0.0015053190290927887)","(51, 0.0014490444445982575)"
"(12, 0.20333600044250488)","(0, 0.1911875605583191)","(125, 0.002409182023257017)","(65, 0.00209087529219687)","(52, 0.002010185271501541)","(64, 0.0019361323211342096)","(63, 0.0017500442918390036)","(57, 0.001747903530485928)","(124, 0.001731658005155623)","(51, 0.0015879706479609013)"
"(12, 0.2433919906616211)","(0, 0.22167176008224487)","(126, 0.0022234320640563965)","(65, 0.0021074239630252123)","(52, 0.0017790962010622025)","(64, 0.0017654409166425467)","(125, 0.0017069755122065544)","(63, 0.001513507217168808)","(55, 0.0015084896003827453)","(56, 0.001475529046729207)"
"(12, 0.26316726207733154)","(0, 0.23231744766235352)","(127, 0.0020934732165187597)","(65, 0.002048507798463106)","(52, 0.0017125855665653944)","(56, 0.0016921922797337174)","(64, 0.0016535413451492786)","(63, 0.0014887327561154962)","(55, 0.0014688606606796384)","(57, 0.0014648797223344445)"
"(12, 0.22688037157058716)","(0, 0.2032909393310547)","(128, 0.0027570235542953014)","(65, 0.002117722760885954)","(57, 0.0018530709203332663)","(56, 0.0018131965771317482)","(52, 0.001806648331694305)","(64, 0.001789440168067813)","(55, 0.0015410227933898568)","(63, 0.001521927653811872)"
"(12, 0.24795293807983398)","(0, 0.22523313760757446)","(129, 0.0027107191272079945)","(65, 0.0020601325668394566)","(57, 0.0018264567479491234)","(128, 0.0017374419840052724)","(56, 0.0017084806459024549)","(52, 0.00170140340924263)","(64, 0.0016493634320795536)","(58, 0.0015810375334694982)"
"(12, 0.24795210361480713)","(0, 0.22574913501739502)","(130, 0.002362801693379879)","(65, 0.0019398180302232504)","(129, 0.0018740249797701836)","(57, 0.0017703819321468472)","(56, 0.001683137146756053)","(52, 0.001674572005867958)","(58, 0.0016128667630255222)","(64, 0.0014589328784495592)"
"(12, 0.28380370140075684)","(0, 0.26168739795684814)","(131, 0.00280426861718297)","(57, 0.0015383271966129541)","(65, 0.0015357483644038439)","(56, 0.0014771129935979843)","(130, 0.0014493257040157914)","(58, 0.0013920764904469252)","(64, 0.0013089850544929504)","(52, 0.0012959141749888659)"
"(12, 0.23281124234199524)","(0, 0.21712276339530945)","(132, 0.0030009851325303316)","(65, 0.001844808110035956)","(57, 0.001800040015950799)","(56, 0.0017042660620063543)","(58, 0.0016153722535818815)","(64, 0.0016126107657328248)","(131, 0.0014697706792503595)","(55, 0.0014653713442385197)"
"(12, 0.234272301197052)","(0, 0.21507126092910767)","(133, 0.0030028473120182753)","(65, 0.0019086922984570265)","(57, 0.001771258539520204)","(132, 0.0017184499884024262)","(56, 0.0017027395078912377)","(58, 0.0016040303744375706)","(55, 0.001456521451473236)","(64, 0.0014546356396749616)"
"(12, 0.24869516491889954)","(0, 0.2250700294971466)","(134, 0.0029479614458978176)","(57, 0.0016752630472183228)","(65, 0.0016353417886421084)","(52, 0.0015904913889244199)","(56, 0.001590384403243661)","(63, 0.0015654063317924738)","(58, 0.0014832273591309786)","(64, 0.0014597501140087843)"
"(12, 0.25293147563934326)","(0, 0.22865578532218933)","(135, 0.0031470933463424444)","(134, 0.0020271583925932646)","(64, 0.0016355386469513178)","(65, 0.0016291006468236446)","(52, 0.001572930719703436)","(57, 0.0015532958786934614)","(63, 0.0014864385593682528)","(51, 0.0014180924044921994)"
"(12, 0.25161975622177124)","(0, 0.232122540473938)","(136, 0.0024266792461276054)","(65, 0.0020532344933599234)","(52, 0.0018742324318736792)","(64, 0.001716414000838995)","(51, 0.0016305949538946152)","(135, 0.0016174630727618933)","(63, 0.0014991469215601683)","(58, 0.001424401649273932)"
"(12, 0.25846147537231445)","(0, 0.23454588651657104)","(137, 0.0024782116524875164)","(65, 0.002028190763667226)","(52, 0.0020001165103167295)","(64, 0.0016756277764216065)","(53, 0.0014661849709227681)","(63, 0.0014449518639594316)","(51, 0.001352744991891086)","(136, 0.001351914252154529)"
"(12, 0.26148155331611633)","(0, 0.2370881736278534)","(138, 0.002902435604482889)","(65, 0.0019308861810714006)","(52, 0.0016723800217732787)","(64, 0.0015725251287221909)","(53, 0.001484238775447011)","(56, 0.001415325328707695)","(137, 0.0014134605880826712)","(63, 0.0013718372210860252)"
"(12, 0.2696917951107025)","(0, 0.24611058831214905)","(139, 0.0023396604228764772)","(65, 0.0018910267390310764)","(64, 0.0015656717587262392)","(55, 0.001519991783425212)","(56, 0.0015144682256504893)","(138, 0.0014602018054574728)","(57, 0.0014408996794372797)","(52, 0.001391744241118431)"
"(12, 0.24142783880233765)","(0, 0.21063846349716187)","(140, 0.002453585620969534)","(65, 0.002032989403232932)","(56, 0.001860193908214569)","(55, 0.0017241369932889938)","(57, 0.0016928171971812844)","(64, 0.001665791030973196)","(139, 0.0016263158759102225)","(52, 0.0015842431457713246)"
"(12, 0.2539423406124115)","(0, 0.22073063254356384)","(141, 0.0022103763185441494)","(140, 0.0019421513425186276)","(65, 0.0018789792666211724)","(56, 0.0018763398984447122)","(57, 0.0018099519656971097)","(64, 0.0015747725265100598)","(52, 0.0015037170378491282)","(58, 0.00140623829793185)"
"(12, 0.2560073733329773)","(0, 0.2298516035079956)","(142, 0.002533987630158663)","(57, 0.001982396235689521)","(65, 0.0018736703786998987)","(58, 0.001617950270883739)","(56, 0.0015769514720886946)","(64, 0.001566010992974043)","(52, 0.0015590060502290726)","(141, 0.0013301328290253878)"
"(12, 0.2733577787876129)","(0, 0.24341273307800293)","(143, 0.0023766132071614265)","(65, 0.0017951709451153874)","(58, 0.001705614966340363)","(52, 0.0016178714577108622)","(57, 0.0016134748002514243)","(59, 0.0013514874735847116)","(142, 0.0013495462480932474)","(56, 0.0013182918773964047)"
"(12, 0.26456505060195923)","(0, 0.2369776964187622)","(144, 0.002600208856165409)","(65, 0.001629071426577866)","(59, 0.001536385272629559)","(58, 0.001502743922173977)","(52, 0.001468855538405478)","(57, 0.0014369997661560774)","(56, 0.0014363231603056192)","(143, 0.0013736194232478738)"
"(12, 0.28499704599380493)","(0, 0.2582312822341919)","(145, 0.002596311504021287)","(144, 0.001451335847377777)","(56, 0.0014075947692617774)","(57, 0.0014058996457606554)","(65, 0.0013576828641816974)","(55, 0.001271700719371438)","(52, 0.0012414801167324185)","(59, 0.001235205796547234)"
"(12, 0.2940189838409424)","(0, 0.2690310478210449)","(146, 0.0024303486570715904)","(56, 0.0013798209838569164)","(65, 0.001368332072161138)","(57, 0.0013600140810012817)","(145, 0.0013558241771534085)","(64, 0.0013220746768638492)","(55, 0.0012691605370491743)","(63, 0.001250573666766286)"
"(12, 0.2706836760044098)","(0, 0.24532613158226013)","(147, 0.0029373974539339542)","(65, 0.0016334663378074765)","(56, 0.0015156834851950407)","(52, 0.0015125583158805966)","(64, 0.0014895596541464329)","(57, 0.0014577205292880535)","(63, 0.001442213193513453)","(146, 0.0013961667427793145)"
"(12, 0.2360132336616516)","(0, 0.2133084237575531)","(148, 0.0028936495073139668)","(65, 0.0018915894906967878)","(52, 0.0018306339625269175)","(64, 0.0017714668065309525)","(63, 0.001750245806761086)","(57, 0.0016687822062522173)","(147, 0.0016299744602292776)","(51, 0.0015336157521232963)"
"(12, 0.23441451787948608)","(0, 0.21207880973815918)","(149, 0.0030925609171390533)","(65, 0.0020904899574816227)","(64, 0.0019401706522330642)","(52, 0.0018774154596030712)","(148, 0.0017524007707834244)","(51, 0.0016259748954325914)","(63, 0.0014870757004246116)","(58, 0.0014864061959087849)"
"(12, 0.24991458654403687)","(0, 0.21801170706748962)","(150, 0.0031069370452314615)","(65, 0.002174894791096449)","(149, 0.001953727100044489)","(52, 0.0019099939381703734)","(64, 0.0015872928779572248)","(51, 0.0014408435672521591)","(53, 0.0013680449919775128)","(55, 0.0012640459463000298)"
"(12, 0.2526966631412506)","(0, 0.2216370701789856)","(151, 0.003583099925890565)","(150, 0.0020729389507323503)","(65, 0.001791499787941575)","(52, 0.0017280899919569492)","(56, 0.001407554023899138)","(53, 0.001391781261190772)","(55, 0.0013486002571880817)","(64, 0.0012663311790674925)"
"(12, 0.2534683048725128)","(0, 0.22477006912231445)","(152, 0.0030944091267883778)","(151, 0.001847676234319806)","(56, 0.001621553674340248)","(65, 0.0015848781913518906)","(52, 0.0015800679102540016)","(57, 0.001495709759183228)","(55, 0.0014847838319838047)","(53, 0.001377068692818284)"
"(12, 0.26563912630081177)","(0, 0.2328924536705017)","(153, 0.002811865881085396)","(56, 0.0016265751328319311)","(57, 0.001599136390723288)","(65, 0.00157088041305542)","(152, 0.0015542322071269155)","(55, 0.001507983193732798)","(52, 0.0014942002017050982)","(64, 0.0013381538446992636)"
"(12, 0.24301466345787048)","(0, 0.21559545397758484)","(154, 0.002905735280364752)","(56, 0.0018773976480588317)","(57, 0.0018224124796688557)","(65, 0.0017162349540740252)","(52, 0.0017066295258700848)","(153, 0.001646213699132204)","(55, 0.0015432913787662983)","(58, 0.0015217626933008432)"
"(12, 0.277701199054718)","(0, 0.24600154161453247)","(155, 0.0025970377027988434)","(154, 0.0019870067480951548)","(57, 0.001664554001763463)","(65, 0.00155400310177356)","(56, 0.001530099892988801)","(52, 0.0014573843218386173)","(64, 0.0013848699163645506)","(58, 0.0013690958730876446)"
"(12, 0.2578679323196411)","(0, 0.2318975329399109)","(156, 0.00277436594478786)","(65, 0.0017687460640445352)","(57, 0.0017093322239816189)","(58, 0.0015981912147253752)","(155, 0.0015321731334552169)","(52, 0.0014556392561644316)","(56, 0.001440594089217484)","(64, 0.0013065089005976915)"
"(12, 0.24372750520706177)","(0, 0.2130873203277588)","(157, 0.002726593753322959)","(156, 0.001993183046579361)","(65, 0.001628482830710709)","(58, 0.0015828199684619904)","(57, 0.0015712215099483728)","(56, 0.001492341747507453)","(52, 0.0014824122190475464)","(59, 0.0014516535447910428)"
"(12, 0.2616652548313141)","(0, 0.22611892223358154)","(158, 0.0027318682987242937)","(157, 0.0017269946401938796)","(56, 0.0015341457910835743)","(57, 0.001471110270358622)","(65, 0.0013499015476554632)","(58, 0.0013259301194921136)","(52, 0.0013191315811127424)","(59, 0.0013153466861695051)"
"(12, 0.27414196729660034)","(0, 0.24943625926971436)","(159, 0.002380490768700838)","(158, 0.0015407740138471127)","(57, 0.0015147266676649451)","(56, 0.001426185481250286)","(65, 0.001380512840114534)","(64, 0.0013407365186139941)","(63, 0.0013140731025487185)","(58, 0.0012543767224997282)"
"(12, 0.26545578241348267)","(0, 0.24255114793777466)","(160, 0.002696316223591566)","(65, 0.0016346076736226678)","(159, 0.0016151340678334236)","(64, 0.001517653465270996)","(57, 0.001514549134299159)","(63, 0.0014035962522029877)","(52, 0.0013971301959827542)","(58, 0.001355362357571721)"
"(12, 0.25686249136924744)","(0, 0.23121106624603271)","(161, 0.002814575331285596)","(65, 0.0018409016774967313)","(160, 0.0017364481464028358)","(52, 0.001644154661335051)","(64, 0.0016099046915769577)","(63, 0.0015322061954066157)","(57, 0.0014216979034245014)","(58, 0.0013731213985010982)"
"(12, 0.24584358930587769)","(0, 0.2188640832901001)","(162, 0.0033943725284188986)","(161, 0.002112718764692545)","(65, 0.001945002470165491)","(64, 0.0017524348804727197)","(52, 0.001582440221682191)","(63, 0.0014974726364016533)","(57, 0.0014022685354575515)","(51, 0.0013190596364438534)"
"(12, 0.4181540608406067)","(0, 0.3515620827674866)","(163, 0.01724676415324211)","(162, 0.0013178526423871517)","(65, 0.0006210759747773409)","(161, 0.0005736652528867126)","(64, 0.0004875006852671504)","(52, 0.0004564186092466116)","(51, 0.0003898895811289549)","(63, 0.00035575032234191895)"
"(12, 0.3927561640739441)","(0, 0.3308151364326477)","(164, 0.03628655895590782)","(163, 0.027638893574476242)","(162, 0.001657236134633422)","(161, 0.0007789715891703963)","(65, 0.0007132702739909291)","(64, 0.00058992940466851)","(52, 0.0005616961279883981)","(63, 0.00047202210407704115)"
"(12, 0.31134992837905884)","(0, 0.270513117313385)","(164, 0.046954862773418427)","(165, 0.018896475434303284)","(163, 0.0017666853964328766)","(65, 0.0015135692665353417)","(52, 0.001245923456735909)","(64, 0.001223239814862609)","(162, 0.0010578056098893285)","(51, 0.0010309357894584537)"
"(12, 0.3377113342285156)","(0, 0.2885887622833252)","(165, 0.053103893995285034)","(166, 0.010644257068634033)","(164, 0.007959768176078796)","(65, 0.001365884905681014)","(52, 0.0011708224192261696)","(64, 0.0010923338122665882)","(163, 0.0010212045162916183)","(51, 0.0009759782114997506)"
"(12, 0.3330296277999878)","(0, 0.28779247403144836)","(166, 0.03925241157412529)","(167, 0.013742387294769287)","(165, 0.012174021452665329)","(164, 0.005983008071780205)","(65, 0.0014565667370334268)","(52, 0.0012955765705555677)","(64, 0.001150685828179121)","(51, 0.0011002400424331427)"
"(12, 0.27404069900512695)","(0, 0.23631572723388672)","(167, 0.042979005724191666)","(168, 0.016912728548049927)","(165, 0.011751554906368256)","(166, 0.009162208065390587)","(164, 0.005696006119251251)","(65, 0.0016044407384470105)","(52, 0.0013890431728214025)","(64, 0.0012708206195384264)"
"(12, 0.30932343006134033)","(0, 0.26691603660583496)","(168, 0.04910062253475189)","(169, 0.018702872097492218)","(167, 0.017754623666405678)","(166, 0.01507740467786789)","(165, 0.014557898044586182)","(164, 0.0027438346296548843)","(65, 0.00141203124076128)","(52, 0.0012280099326744676)"
"(12, 0.3121061325073242)","(0, 0.2662777900695801)","(169, 0.04259543493390083)","(170, 0.015987202525138855)","(168, 0.014872819185256958)","(165, 0.013355502858757973)","(167, 0.01333770714700222)","(166, 0.011159287765622139)","(164, 0.002571526914834976)","(65, 0.0014341347850859165)"
"(12, 0.33665549755096436)","(0, 0.28150999546051025)","(170, 0.06489072740077972)","(171, 0.016034945845603943)","(165, 0.014596205204725266)","(169, 0.013247368857264519)","(167, 0.011580763384699821)","(168, 0.009621184319257736)","(166, 0.00732673704624176)","(164, 0.005309838801622391)"
"(12, 0.38786664605140686)","(0, 0.3292461335659027)","(171, 0.04661642760038376)","(170, 0.016967058181762695)","(168, 0.009880546480417252)","(172, 0.009383682161569595)","(165, 0.007035719230771065)","(169, 0.006101330742239952)","(167, 0.005995834246277809)","(164, 0.005098313093185425)"
"(12, 0.32646048069000244)","(0, 0.27480798959732056)","(172, 0.03571249172091484)","(171, 0.03516088426113129)","(165, 0.01490720920264721)","(173, 0.014557097107172012)","(164, 0.014370936900377274)","(170, 0.014017902314662933)","(168, 0.010321320965886116)","(167, 0.009498514235019684)"
"(12, 0.3266028165817261)","(0, 0.2818162441253662)","(173, 0.03897392749786377)","(164, 0.011717619374394417)","(172, 0.008293267339468002)","(171, 0.007806047797203064)","(170, 0.007727917283773422)","(168, 0.007416419684886932)","(174, 0.004800084978342056)","(165, 0.004708470776677132)"
"(12, 0.3154888153076172)","(0, 0.2705974578857422)","(173, 0.0202464759349823)","(175, 0.014170601963996887)","(174, 0.01295129582285881)","(171, 0.009520098567008972)","(164, 0.00805315189063549)","(172, 0.006789393723011017)","(165, 0.00587637722492218)","(168, 0.0047799162566661835)"
"(12, 0.38223695755004883)","(0, 0.32045841217041016)","(175, 0.031066186726093292)","(176, 0.015202529728412628)","(171, 0.010208852589130402)","(173, 0.008862338960170746)","(170, 0.00851832702755928)","(164, 0.0050224121659994125)","(168, 0.004294956102967262)","(165, 0.00417996384203434)"
"(12, 0.37625372409820557)","(0, 0.32247355580329895)","(176, 0.04083266854286194)","(177, 0.013485927134752274)","(171, 0.009287988767027855)","(170, 0.005757996812462807)","(173, 0.004496783018112183)","(168, 0.003698216751217842)","(165, 0.0022994987666606903)","(169, 0.0022637564688920975)"
"(12, 0.2856278419494629)","(0, 0.24819982051849365)","(177, 0.043843965977430344)","(178, 0.01567545160651207)","(170, 0.010291988030076027)","(168, 0.00897321105003357)","(176, 0.008905686438083649)","(171, 0.004963923245668411)","(169, 0.003795310854911804)","(173, 0.0033269450068473816)"
"(12, 0.3620053231716156)","(0, 0.30574971437454224)","(178, 0.04655984044075012)","(177, 0.012971103191375732)","(176, 0.011331593617796898)","(171, 0.011049192398786545)","(179, 0.008660737425088882)","(173, 0.005605179816484451)","(170, 0.0035502854734659195)","(168, 0.0027180686593055725)"
"(12, 0.3311123847961426)","(0, 0.2866770029067993)","(179, 0.04282291978597641)","(178, 0.014703113585710526)","(180, 0.010858513414859772)","(177, 0.010387709364295006)","(176, 0.006307767704129219)","(169, 0.0058517251163721085)","(170, 0.0048318300396203995)","(171, 0.00412062369287014)"
"(12, 0.3219308853149414)","(0, 0.27625560760498047)","(180, 0.03893928602337837)","(179, 0.015290915966033936)","(178, 0.013959206640720367)","(181, 0.011028103530406952)","(177, 0.009539157152175903)","(170, 0.008562030270695686)","(176, 0.00614001601934433)","(171, 0.004009902477264404)"
"(12, 0.35947877168655396)","(0, 0.30246084928512573)","(181, 0.047742705792188644)","(182, 0.013618402183055878)","(171, 0.011623481288552284)","(178, 0.010209321975708008)","(180, 0.0090626310557127)","(176, 0.007960710674524307)","(177, 0.007949884980916977)","(179, 0.007595021277666092)"
"(12, 0.35593342781066895)","(0, 0.30466198921203613)","(182, 0.059947267174720764)","(183, 0.00983290933072567)","(181, 0.008739665150642395)","(176, 0.005075570195913315)","(180, 0.004696853458881378)","(170, 0.004673626273870468)","(171, 0.004081035032868385)","(179, 0.0037419460713863373)"
"(12, 0.31557798385620117)","(0, 0.2740349769592285)","(183, 0.034328073263168335)","(184, 0.018600933253765106)","(182, 0.00699663907289505)","(181, 0.004791073501110077)","(170, 0.0033500660210847855)","(178, 0.00308331660926342)","(176, 0.002882355824112892)","(180, 0.0025313757359981537)"
"(12, 0.3186451196670532)","(0, 0.2712737023830414)","(184, 0.06621713191270828)","(182, 0.017139585688710213)","(183, 0.01136663556098938)","(185, 0.010364340618252754)","(181, 0.006562499329447746)","(180, 0.003901081159710884)","(176, 0.003855304792523384)","(170, 0.003299206495285034)"
"(12, 0.35178327560424805)","(0, 0.30468130111694336)","(185, 0.03428598865866661)","(184, 0.021528366953134537)","(182, 0.011738760396838188)","(183, 0.008629029616713524)","(186, 0.008377108722925186)","(181, 0.006390007212758064)","(178, 0.004025125876069069)","(170, 0.0031355489045381546)"
"(12, 0.3536379933357239)","(0, 0.30659520626068115)","(186, 0.03855253756046295)","(184, 0.016187727451324463)","(182, 0.011940333992242813)","(187, 0.009522810578346252)","(185, 0.008698869496583939)","(181, 0.007088281214237213)","(183, 0.006065456196665764)","(178, 0.003603782504796982)"
"(12, 0.29449963569641113)","(0, 0.2564096450805664)","(187, 0.04254521057009697)","(188, 0.020523246377706528)","(184, 0.01848265901207924)","(186, 0.008435185998678207)","(181, 0.006414879113435745)","(185, 0.005723645910620689)","(182, 0.005155377089977264)","(170, 0.003672054037451744)"
"(12, 0.3480118215084076)","(0, 0.3006734848022461)","(188, 0.05208352208137512)","(187, 0.01164340227842331)","(186, 0.009605545550584793)","(184, 0.007965199649333954)","(189, 0.007232615724205971)","(182, 0.005294138565659523)","(181, 0.00437575951218605)","(185, 0.0043395645916461945)"
"(12, 0.31538915634155273)","(0, 0.2708778381347656)","(189, 0.037852346897125244)","(188, 0.02118067443370819)","(190, 0.014537714421749115)","(184, 0.014238927513360977)","(186, 0.007677217945456505)","(187, 0.006073303520679474)","(181, 0.004477730020880699)","(185, 0.004180263727903366)"
"(12, 0.35845381021499634)","(0, 0.2987077832221985)","(190, 0.04752053692936897)","(188, 0.015113364905118942)","(187, 0.014987435191869736)","(186, 0.012040169909596443)","(191, 0.010260891169309616)","(189, 0.009018374606966972)","(182, 0.007734246551990509)","(185, 0.0067101940512657166)"
"(12, 0.35823583602905273)","(0, 0.2991065979003906)","(191, 0.03811807930469513)","(182, 0.014860501512885094)","(192, 0.013568580150604248)","(190, 0.01211535558104515)","(188, 0.01090848445892334)","(186, 0.009823126718401909)","(187, 0.009283890947699547)","(183, 0.007573919370770454)"
"(12, 0.3288991451263428)","(0, 0.285250186920166)","(192, 0.04236557334661484)","(193, 0.01692487671971321)","(184, 0.010150931775569916)","(182, 0.009470852091908455)","(191, 0.0066863782703876495)","(190, 0.0060233063995838165)","(186, 0.00595671683549881)","(188, 0.0058983247727155685)"
"(12, 0.34385770559310913)","(0, 0.2970426082611084)","(193, 0.058649785816669464)","(192, 0.017747975885868073)","(186, 0.011047473177313805)","(182, 0.008656170219182968)","(187, 0.008269865065813065)","(194, 0.006624629721045494)","(191, 0.0062706973403692245)","(185, 0.006057320162653923)"
"(12, 0.33545786142349243)","(0, 0.29086363315582275)","(194, 0.032719455659389496)","(193, 0.022960126399993896)","(192, 0.01764407753944397)","(186, 0.012469828128814697)","(187, 0.010326748713850975)","(182, 0.01001092791557312)","(191, 0.00879528746008873)","(195, 0.008331328630447388)"
"(12, 0.3084145784378052)","(0, 0.27293694019317627)","(195, 0.03319665789604187)","(190, 0.008712250739336014)","(184, 0.007613262161612511)","(188, 0.00663067027926445)","(192, 0.005851928144693375)","(193, 0.005755860358476639)","(196, 0.0056716687977313995)","(182, 0.0050575267523527145)"
"(12, 0.3282299041748047)","(0, 0.28774070739746094)","(196, 0.02626957558095455)","(193, 0.014955207705497742)","(192, 0.013407405465841293)","(197, 0.011413045227527618)","(187, 0.010209329426288605)","(188, 0.009037120267748833)","(195, 0.008390430361032486)","(182, 0.00708259642124176)"
"(12, 0.29329073429107666)","(0, 0.26085472106933594)","(197, 0.04445613548159599)","(188, 0.020658724009990692)","(198, 0.017164617776870728)","(190, 0.013366833329200745)","(193, 0.01235797256231308)","(192, 0.009399240836501122)","(184, 0.009263178333640099)","(195, 0.007974786683917046)"
"(12, 0.33742767572402954)","(0, 0.29717713594436646)","(198, 0.0602414608001709)","(190, 0.025709815323352814)","(188, 0.013985851779580116)","(197, 0.013005848973989487)","(199, 0.01282016932964325)","(191, 0.009553194046020508)","(189, 0.008190738037228584)","(193, 0.00665707141160965)"
"(12, 0.31813621520996094)","(0, 0.2846252918243408)","(199, 0.046721119433641434)","(198, 0.01720191165804863)","(200, 0.013436835259199142)","(188, 0.009616220369935036)","(197, 0.008955152705311775)","(193, 0.007894381880760193)","(192, 0.00675152987241745)","(190, 0.006467223167419434)"
"(12, 0.3274421691894531)","(0, 0.2762022018432617)","(200, 0.04852013289928436)","(201, 0.015710268169641495)","(192, 0.013911543413996696)","(182, 0.010713161900639534)","(176, 0.009174568578600883)","(199, 0.007741417735815048)","(193, 0.007381251081824303)","(197, 0.006521280854940414)"
"(12, 0.3274044394493103)","(0, 0.290932297706604)","(201, 0.04294903203845024)","(202, 0.01029222086071968)","(184, 0.00814412534236908)","(192, 0.007879778742790222)","(193, 0.007459377869963646)","(200, 0.006410079076886177)","(182, 0.005740812048316002)","(190, 0.004762997850775719)"
"(12, 0.3394562900066376)","(0, 0.30625057220458984)","(202, 0.04640434682369232)","(201, 0.01814209669828415)","(192, 0.007587973028421402)","(200, 0.007271250709891319)","(197, 0.0063101015985012054)","(182, 0.006233355030417442)","(203, 0.005319641903042793)","(186, 0.0051097143441438675)"
"(12, 0.31958818435668945)","(0, 0.29151248931884766)","(203, 0.027212917804718018)","(204, 0.01523028314113617)","(202, 0.01419343426823616)","(188, 0.01290232315659523)","(190, 0.00984521210193634)","(201, 0.008258473128080368)","(184, 0.007345624268054962)","(187, 0.005489928647875786)"
"(12, 0.3153207004070282)","(0, 0.2927221357822418)","(204, 0.047473568469285965)","(205, 0.010749304667115211)","(188, 0.010520873591303825)","(190, 0.007985252887010574)","(201, 0.007067648693919182)","(202, 0.0064814332872629166)","(200, 0.005227414891123772)","(203, 0.004451435059309006)"
"(12, 0.3346739411354065)","(0, 0.31403982639312744)","(205, 0.04617626965045929)","(204, 0.013604514300823212)","(206, 0.011274164542555809)","(190, 0.007057191804051399)","(201, 0.005016406998038292)","(188, 0.004809308797121048)","(200, 0.0043094102293252945)","(202, 0.0032955892384052277)"
"(12, 0.3148336410522461)","(0, 0.29459285736083984)","(206, 0.02955850213766098)","(205, 0.021069524809718132)","(207, 0.018320512026548386)","(188, 0.015098115429282188)","(190, 0.011433204635977745)","(204, 0.009940069168806076)","(198, 0.007834795862436295)","(200, 0.004563447088003159)"
"(12, 0.3081210255622864)","(0, 0.2902143597602844)","(207, 0.0802021250128746)","(205, 0.020516661927103996)","(206, 0.017116494476795197)","(204, 0.014247138053178787)","(208, 0.010958481580018997)","(188, 0.008042765781283379)","(190, 0.006103260442614555)","(198, 0.004598602652549744)"
"(12, 0.3195812702178955)","(0, 0.30141323804855347)","(207, 0.048503100872039795)","(208, 0.04655513912439346)","(205, 0.015159744769334793)","(206, 0.012238878756761551)","(204, 0.01090322807431221)","(209, 0.009438598528504372)","(190, 0.007008273154497147)","(201, 0.005019271746277809)"
"(12, 0.33636951446533203)","(0, 0.3100566864013672)","(209, 0.029276136308908463)","(207, 0.02462400123476982)","(208, 0.01819668896496296)","(210, 0.015073813498020172)","(190, 0.010573802515864372)","(205, 0.009969010949134827)","(204, 0.008768502622842789)","(188, 0.007790381088852882)"
"(12, 0.36366409063339233)","(0, 0.32830291986465454)","(210, 0.04050343111157417)","(204, 0.018917113542556763)","(205, 0.014358537271618843)","(207, 0.014189016073942184)","(206, 0.013544617220759392)","(208, 0.010596774518489838)","(201, 0.008784027770161629)","(211, 0.007836699485778809)"
"(12, 0.35645461082458496)","(0, 0.32477307319641113)","(211, 0.03787349909543991)","(204, 0.020170314237475395)","(201, 0.014216000214219093)","(205, 0.01169746182858944)","(192, 0.010686548426747322)","(212, 0.009354064241051674)","(206, 0.009053722023963928)","(207, 0.007652349770069122)"
"(12, 0.3405502438545227)","(0, 0.31523966789245605)","(212, 0.04720955342054367)","(213, 0.01218690536916256)","(204, 0.009738430380821228)","(201, 0.007920447736978531)","(211, 0.007220275700092316)","(205, 0.006338214501738548)","(203, 0.005779150873422623)","(202, 0.005399229004979134)"
"(12, 0.3436203598976135)","(0, 0.3144739270210266)","(213, 0.04508156329393387)","(212, 0.020214274525642395)","(204, 0.009614180773496628)","(201, 0.007483180612325668)","(205, 0.00714777410030365)","(211, 0.006867224350571632)","(214, 0.005163528025150299)","(182, 0.004590732976794243)"
"(12, 0.3284749984741211)","(0, 0.30139636993408203)","(214, 0.03085380792617798)","(212, 0.021794963628053665)","(213, 0.02037900686264038)","(204, 0.010886909440159798)","(211, 0.01049070805311203)","(201, 0.008898487314581871)","(205, 0.008139422163367271)","(215, 0.007157284766435623)"
"(12, 0.345639705657959)","(0, 0.3144106864929199)","(215, 0.033585891127586365)","(212, 0.015204226598143578)","(213, 0.013704473152756691)","(216, 0.012364424765110016)","(201, 0.007020765915513039)","(211, 0.006675653159618378)","(205, 0.006670642644166946)","(204, 0.006371650844812393)"
"(12, 0.36359161138534546)","(0, 0.3289874792098999)","(216, 0.05182759091258049)","(217, 0.014135051518678665)","(212, 0.011647727340459824)","(215, 0.006356598809361458)","(211, 0.00620243139564991)","(201, 0.005002608522772789)","(204, 0.0047098807990550995)","(205, 0.004530254751443863)"
"(12, 0.36414971947669983)","(0, 0.330576628446579)","(217, 0.05958033725619316)","(218, 0.014046560972929)","(216, 0.01181495375931263)","(212, 0.005113692954182625)","(202, 0.005074368789792061)","(204, 0.0049279797822237015)","(205, 0.0042766984552145)","(207, 0.0038619600236415863)"
"(12, 0.35248368978500366)","(0, 0.3162959814071655)","(218, 0.056003689765930176)","(217, 0.03702118992805481)","(216, 0.014332806691527367)","(204, 0.005688391625881195)","(212, 0.005626628175377846)","(205, 0.004821360111236572)","(211, 0.004611009731888771)","(219, 0.004419147968292236)"
"(12, 0.330285906791687)","(0, 0.2983105182647705)","(219, 0.03305203840136528)","(217, 0.023042524233460426)","(218, 0.018257321789860725)","(216, 0.012143073603510857)","(207, 0.007841261103749275)","(220, 0.007008083164691925)","(188, 0.005698142573237419)","(212, 0.005270868539810181)"
"(12, 0.3467053472995758)","(0, 0.31311675906181335)","(220, 0.03707917779684067)","(217, 0.027261147275567055)","(218, 0.017282113432884216)","(216, 0.014014257118105888)","(221, 0.006538433954119682)","(212, 0.005176093429327011)","(219, 0.004906937479972839)","(207, 0.00406782329082489)"
"(12, 0.329927921295166)","(0, 0.2975027561187744)","(221, 0.03419521078467369)","(217, 0.017611578106880188)","(218, 0.016257409006357193)","(216, 0.012362346053123474)","(222, 0.010924490168690681)","(207, 0.00856972299516201)","(220, 0.007241223007440567)","(188, 0.005231762304902077)"
"(12, 0.3485755920410156)","(0, 0.3003253936767578)","(222, 0.031608715653419495)","(201, 0.01640916056931019)","(212, 0.01615745946764946)","(223, 0.014194803312420845)","(217, 0.012726342305541039)","(216, 0.012417737394571304)","(176, 0.006550246849656105)","(204, 0.00565451942384243)"
"(12, 0.33878326416015625)","(0, 0.29909682273864746)","(223, 0.042568791657686234)","(224, 0.011502735316753387)","(201, 0.010039815679192543)","(212, 0.00792541541159153)","(182, 0.007857045158743858)","(176, 0.006831066682934761)","(171, 0.00414721854031086)","(192, 0.004100153222680092)"
"(12, 0.32100558280944824)","(0, 0.2842680811882019)","(224, 0.041288308799266815)","(223, 0.01634068414568901)","(182, 0.01415998861193657)","(225, 0.01381276547908783)","(212, 0.010572146624326706)","(201, 0.009874241426587105)","(192, 0.006117137148976326)","(171, 0.005679002031683922)"
"(12, 0.3395066261291504)","(0, 0.30184245109558105)","(225, 0.04175257682800293)","(226, 0.00975666381418705)","(182, 0.008230175822973251)","(224, 0.008200094103813171)","(201, 0.008003424853086472)","(223, 0.007738325744867325)","(212, 0.005044175311923027)","(171, 0.004242740571498871)"
"(12, 0.308147668838501)","(0, 0.2727165222167969)","(226, 0.038621485233306885)","(227, 0.0161895751953125)","(184, 0.008187495172023773)","(202, 0.006747107952833176)","(201, 0.006035404279828072)","(225, 0.005595065653324127)","(193, 0.005464807152748108)","(224, 0.0053831711411476135)"
"(12, 0.3119266629219055)","(0, 0.27623575925827026)","(227, 0.045150551944971085)","(225, 0.008631229400634766)","(212, 0.008436106145381927)","(182, 0.00818265974521637)","(201, 0.007795395329594612)","(226, 0.007497075945138931)","(224, 0.00747268833220005)","(223, 0.007370498031377792)"
"(12, 0.2341175079345703)","(0, 0.21224892139434814)","(228, 0.03813297674059868)","(229, 0.0329282283782959)","(227, 0.01583772897720337)","(184, 0.004526343196630478)","(226, 0.004467379301786423)","(224, 0.004299495369195938)","(223, 0.0038074180483818054)","(190, 0.003697182983160019)"
"(12, 0.3169364929199219)","(0, 0.2816944122314453)","(228, 0.01721126027405262)","(230, 0.01616033911705017)","(229, 0.015359405428171158)","(227, 0.014644786715507507)","(225, 0.004256673157215118)","(224, 0.004196919500827789)","(201, 0.0038898326456546783)","(223, 0.0037676095962524414)"
"(12, 0.2718820571899414)","(0, 0.2450418472290039)","(230, 0.03478650003671646)","(231, 0.020489409565925598)","(227, 0.009089959785342216)","(190, 0.006657084450125694)","(184, 0.0045394934713840485)","(188, 0.004341602325439453)","(228, 0.0039815884083509445)","(207, 0.0033189374953508377)"
"(12, 0.26953983306884766)","(0, 0.2408885955810547)","(231, 0.03835263103246689)","(232, 0.026159115135669708)","(230, 0.016094543039798737)","(227, 0.011803502216935158)","(228, 0.0075799692422151566)","(198, 0.0049484241753816605)","(188, 0.0049287546426057816)","(190, 0.004232097417116165)"
"(12, 0.3622894287109375)","(0, 0.31176331639289856)","(232, 0.06312081217765808)","(230, 0.017829658463597298)","(231, 0.009642144665122032)","(233, 0.009496774524450302)","(228, 0.009113673120737076)","(225, 0.006910648196935654)","(227, 0.006744248792529106)","(224, 0.0055451542139053345)"
"(12, 0.3577098846435547)","(0, 0.30900120735168457)","(233, 0.036528393626213074)","(232, 0.03482215106487274)","(231, 0.01410629227757454)","(230, 0.013042764738202095)","(234, 0.010649938136339188)","(212, 0.007169652730226517)","(225, 0.006952980533242226)","(228, 0.005619337782263756)"
"(12, 0.3276991844177246)","(0, 0.2861447334289551)","(234, 0.044164158403873444)","(233, 0.020853586494922638)","(232, 0.018365371972322464)","(231, 0.013861600309610367)","(235, 0.01209883764386177)","(230, 0.007420847192406654)","(225, 0.00735856406390667)","(224, 0.00578092597424984)"
"(12, 0.36731114983558655)","(0, 0.32128408551216125)","(235, 0.04393402114510536)","(234, 0.011872328817844391)","(233, 0.011146610602736473)","(232, 0.009883007034659386)","(231, 0.007200358435511589)","(236, 0.006771676242351532)","(225, 0.004927502945065498)","(224, 0.003920454531908035)"
"(12, 0.3016461133956909)","(0, 0.2684500217437744)","(236, 0.05027220398187637)","(235, 0.014612261205911636)","(237, 0.014029961079359055)","(232, 0.010193871334195137)","(233, 0.007311273366212845)","(234, 0.0070463865995407104)","(231, 0.006606753915548325)","(230, 0.003840342164039612)"
"(12, 0.33425140380859375)","(0, 0.2902336120605469)","(237, 0.025017468258738518)","(238, 0.017671316862106323)","(236, 0.01607891172170639)","(235, 0.0065260883420705795)","(232, 0.005912795662879944)","(233, 0.004183022305369377)","(234, 0.0035932399332523346)","(181, 0.003346189856529236)"
"(12, 0.3420133590698242)","(0, 0.2962748110294342)","(238, 0.06911792606115341)","(236, 0.025707071647047997)","(237, 0.013437217101454735)","(239, 0.012259982526302338)","(235, 0.009406648576259613)","(233, 0.006817804649472237)","(234, 0.005568044260144234)","(232, 0.003697086125612259)"
"(12, 0.31597787141799927)","(0, 0.276677668094635)","(238, 0.04346488043665886)","(239, 0.042930714786052704)","(236, 0.016429828479886055)","(240, 0.01225769892334938)","(237, 0.011678503826260567)","(235, 0.005604701116681099)","(232, 0.004918491467833519)","(233, 0.004592256620526314)"
"(12, 0.32469940185546875)","(0, 0.2794151306152344)","(240, 0.02548520639538765)","(238, 0.024381257593631744)","(241, 0.019847098737955093)","(239, 0.019433625042438507)","(236, 0.012428903952240944)","(237, 0.006219556555151939)","(235, 0.005225703120231628)","(232, 0.004780735820531845)"
"(12, 0.33248043060302734)","(0, 0.2805013656616211)","(241, 0.029197053983807564)","(238, 0.015452178195118904)","(242, 0.013305198401212692)","(176, 0.011815397068858147)","(223, 0.01147734560072422)","(233, 0.010895401239395142)","(232, 0.010279426351189613)","(235, 0.010100634768605232)"
