"(0, 1.0)","(154, 0.0)","(142, 0.0)","(153, 0.0)","(152, 0.0)","(151, 0.0)","(150, 0.0)","(149, 0.0)","(143, 0.0)","(144, 0.0)"
"(0, 0.97930908203125)","(1, 0.02067338302731514)","(154, 0.0)","(142, 0.0)","(153, 0.0)","(152, 0.0)","(151, 0.0)","(150, 0.0)","(149, 0.0)","(143, 0.0)"
"(0, 0.943511962890625)","(1, 0.04176939278841019)","(2, 0.01473960280418396)","(150, 0.0)","(155, 0.0)","(151, 0.0)","(152, 0.0)","(153, 0.0)","(154, 0.0)","(143, 0.0)"
"(0, 0.9106483459472656)","(2, 0.048592932522296906)","(1, 0.022190794348716736)","(3, 0.018555372953414917)","(150, 0.0)","(155, 0.0)","(151, 0.0)","(152, 0.0)","(153, 0.0)","(154, 0.0)"
"(0, 0.9073638916015625)","(3, 0.041239023208618164)","(2, 0.022326573729515076)","(1, 0.021632373332977295)","(4, 0.007454916834831238)","(150, 0.0)","(155, 0.0)","(151, 0.0)","(152, 0.0)","(153, 0.0)"
"(0, 0.923614501953125)","(5, 0.02143844962120056)","(3, 0.018613576889038086)","(4, 0.01459868997335434)","(1, 0.011512190103530884)","(2, 0.010213658213615417)","(151, 0.0)","(152, 0.0)","(153, 0.0)","(150, 0.0)"
"(0, 0.9101104736328125)","(5, 0.04643505811691284)","(6, 0.013452023267745972)","(3, 0.010580047965049744)","(2, 0.007320806384086609)","(1, 0.007169172167778015)","(4, 0.004894226789474487)","(152, 0.0)","(153, 0.0)","(154, 0.0)"
"(0, 0.88739013671875)","(6, 0.02936674654483795)","(5, 0.02334350347518921)","(3, 0.022526100277900696)","(7, 0.011461079120635986)","(2, 0.010793924331665039)","(1, 0.008972946554422379)","(4, 0.006150305271148682)","(152, 0.0)","(153, 0.0)"
"(0, 0.8663787841796875)","(6, 0.02507750689983368)","(5, 0.02414625883102417)","(7, 0.022860407829284668)","(3, 0.016568303108215332)","(4, 0.014563299715518951)","(8, 0.013464570045471191)","(1, 0.010728400200605392)","(2, 0.006209291517734528)","(153, 0.0)"
"(0, 0.8981781005859375)","(6, 0.03177587687969208)","(5, 0.012996286153793335)","(9, 0.01184883713722229)","(7, 0.011640280485153198)","(8, 0.011280491948127747)","(3, 0.007075965404510498)","(1, 0.006520580500364304)","(2, 0.005622200667858124)","(4, 0.0029863007366657257)"
"(0, 0.8525161743164062)","(6, 0.03227490931749344)","(10, 0.02192586660385132)","(5, 0.021695971488952637)","(7, 0.015114903450012207)","(9, 0.013004899024963379)","(8, 0.012660443782806396)","(3, 0.009087204933166504)","(2, 0.009046681225299835)","(1, 0.00788963958621025)"
"(0, 0.8698959350585938)","(10, 0.049939606338739395)","(11, 0.015422642230987549)","(5, 0.01166573166847229)","(7, 0.011148020625114441)","(9, 0.009272057563066483)","(8, 0.006716988980770111)","(6, 0.006515514105558395)","(3, 0.006374966353178024)","(1, 0.0063035376369953156)"
"(12, 0.3806419372558594)","(0, 0.356048583984375)","(1, 0.04226112365722656)","(7, 0.02623581886291504)","(8, 0.024981200695037842)","(2, 0.024647116661071777)","(4, 0.02326062321662903)","(5, 0.022385478019714355)","(3, 0.021664798259735107)","(6, 0.020147502422332764)"
"(0, 0.4605865478515625)","(12, 0.38513946533203125)","(11, 0.02580539882183075)","(3, 0.020125068724155426)","(10, 0.018291085958480835)","(5, 0.01564735174179077)","(1, 0.013373412191867828)","(7, 0.011776864528656006)","(13, 0.011115074157714844)","(2, 0.010108686983585358)"
"(0, 0.49237823486328125)","(12, 0.400421142578125)","(13, 0.028766021132469177)","(10, 0.018825311213731766)","(14, 0.016802549362182617)","(11, 0.01017424464225769)","(3, 0.004972668364644051)","(7, 0.004537740722298622)","(1, 0.004446864128112793)","(5, 0.004128027707338333)"
"(0, 0.46267127990722656)","(12, 0.36943912506103516)","(14, 0.05341750383377075)","(13, 0.025009483098983765)","(15, 0.020438551902770996)","(10, 0.014429181814193726)","(11, 0.013590782880783081)","(3, 0.0086451955139637)","(1, 0.007393945008516312)","(7, 0.0044204797595739365)"
"(0, 0.5124969482421875)","(12, 0.40877532958984375)","(15, 0.019165411591529846)","(16, 0.01498517394065857)","(14, 0.010857939720153809)","(13, 0.007662557065486908)","(10, 0.005456365644931793)","(11, 0.004937890917062759)","(1, 0.0026018526405096054)","(5, 0.0022996272891759872)"
"(0, 0.4869537353515625)","(12, 0.3956451416015625)","(16, 0.03139016032218933)","(15, 0.025501668453216553)","(14, 0.01306954026222229)","(13, 0.009806588292121887)","(17, 0.00873914361000061)","(11, 0.004803404211997986)","(1, 0.0045849960297346115)","(10, 0.004340238869190216)"
"(0, 0.4905853271484375)","(12, 0.39597320556640625)","(16, 0.034525126218795776)","(18, 0.016448110342025757)","(17, 0.015758976340293884)","(15, 0.013594657182693481)","(14, 0.009278178215026855)","(13, 0.005565062165260315)","(11, 0.003504134714603424)","(10, 0.0034716222435235977)"
"(0, 0.4836273193359375)","(12, 0.392486572265625)","(18, 0.03280934691429138)","(16, 0.01900792121887207)","(15, 0.016719065606594086)","(17, 0.010901696979999542)","(19, 0.00985657423734665)","(14, 0.007378026843070984)","(13, 0.007291227579116821)","(11, 0.0032070204615592957)"
"(0, 0.4739227294921875)","(12, 0.3935394287109375)","(18, 0.023886054754257202)","(15, 0.018069006502628326)","(16, 0.016407594084739685)","(20, 0.013066932559013367)","(13, 0.012081652879714966)","(19, 0.010748907923698425)","(17, 0.008425265550613403)","(14, 0.00815410166978836)"
"(0, 0.49398040771484375)","(12, 0.4139862060546875)","(21, 0.015694230794906616)","(20, 0.012205958366394043)","(18, 0.009975746273994446)","(16, 0.008843034505844116)","(15, 0.008519738912582397)","(19, 0.0054273903369903564)","(14, 0.005363889038562775)","(13, 0.004663988947868347)"
"(0, 0.5149154663085938)","(12, 0.41922760009765625)","(22, 0.011914029717445374)","(18, 0.009600333869457245)","(16, 0.009168215095996857)","(20, 0.007281206548213959)","(15, 0.0055070966482162476)","(14, 0.0034279171377420425)","(21, 0.0032392702996730804)","(19, 0.003223855048418045)"
"(0, 0.47451019287109375)","(12, 0.38722991943359375)","(23, 0.014490008354187012)","(22, 0.014079857617616653)","(16, 0.012554973363876343)","(14, 0.012481309473514557)","(15, 0.011667363345623016)","(18, 0.010769188404083252)","(20, 0.010593369603157043)","(17, 0.007056519389152527)"
"(0, 0.48584747314453125)","(12, 0.40116119384765625)","(23, 0.02702096849679947)","(15, 0.010046334937214851)","(20, 0.00841338187456131)","(16, 0.008270353078842163)","(22, 0.007412206381559372)","(14, 0.007302112877368927)","(18, 0.006795987486839294)","(13, 0.006590016186237335)"
"(0, 0.4598236083984375)","(12, 0.3906517028808594)","(23, 0.03601352870464325)","(24, 0.019337952136993408)","(22, 0.010341942310333252)","(15, 0.009729567915201187)","(13, 0.007826589047908783)","(16, 0.007446805015206337)","(20, 0.007219985127449036)","(14, 0.006568418815732002)"
"(0, 0.47463226318359375)","(12, 0.40737152099609375)","(26, 0.01408126950263977)","(23, 0.011962741613388062)","(24, 0.011786721646785736)","(25, 0.009772583842277527)","(14, 0.0072911810129880905)","(10, 0.006946234032511711)","(15, 0.005111146718263626)","(22, 0.004831776022911072)"
"(0, 0.492340087890625)","(12, 0.45012664794921875)","(27, 0.0149478018283844)","(26, 0.009754568338394165)","(25, 0.0042249225080013275)","(13, 0.0035275667905807495)","(23, 0.0022605955600738525)","(20, 0.002170547842979431)","(1, 0.002162061631679535)","(24, 0.0020777881145477295)"
"(0, 0.4366798400878906)","(12, 0.3763084411621094)","(26, 0.06068825721740723)","(27, 0.019029438495635986)","(28, 0.012497514486312866)","(23, 0.012102477252483368)","(24, 0.010350130498409271)","(15, 0.0064362455159425735)","(25, 0.0061875879764556885)","(22, 0.0059532783925533295)"
"(0, 0.4675750732421875)","(12, 0.394866943359375)","(26, 0.025641068816184998)","(29, 0.017278075218200684)","(27, 0.012746214866638184)","(23, 0.010783344507217407)","(28, 0.009888678789138794)","(24, 0.005825065076351166)","(20, 0.00498952716588974)","(10, 0.004526786506175995)"
"(0, 0.40097808837890625)","(12, 0.3504486083984375)","(14, 0.018503351137042046)","(29, 0.01716175675392151)","(15, 0.0161198228597641)","(26, 0.01594039797782898)","(23, 0.015561133623123169)","(16, 0.013924919068813324)","(18, 0.01390276849269867)","(30, 0.010871395468711853)"
"(0, 0.47011566162109375)","(12, 0.4105682373046875)","(30, 0.021234124898910522)","(31, 0.01357501745223999)","(27, 0.0080108642578125)","(1, 0.005704052746295929)","(29, 0.005667567253112793)","(26, 0.005483753979206085)","(15, 0.0047720372676849365)","(20, 0.004757307469844818)"
"(0, 0.48520660400390625)","(12, 0.42429351806640625)","(32, 0.014362379908561707)","(31, 0.01317887008190155)","(30, 0.010707050561904907)","(27, 0.009601518511772156)","(26, 0.003934577107429504)","(29, 0.003367369994521141)","(3, 0.002982715144753456)","(1, 0.002597460523247719)"
"(0, 0.4680824279785156)","(12, 0.4111175537109375)","(32, 0.032770246267318726)","(33, 0.014411821961402893)","(31, 0.013291731476783752)","(30, 0.00905655324459076)","(3, 0.006277443841099739)","(27, 0.0044066086411476135)","(26, 0.003661632537841797)","(29, 0.003555282950401306)"
"(0, 0.5012741088867188)","(12, 0.43947601318359375)","(33, 0.014300689101219177)","(31, 0.008066490292549133)","(32, 0.007871046662330627)","(30, 0.0046554431319236755)","(34, 0.003676973283290863)","(27, 0.0027657821774482727)","(26, 0.001658691093325615)","(29, 0.0015841368585824966)"
"(0, 0.43652939796447754)","(12, 0.39574170112609863)","(35, 0.0066581666469573975)","(33, 0.006204692181199789)","(32, 0.004725745413452387)","(31, 0.004629950970411301)","(30, 0.004469169303774834)","(27, 0.0036557272542268038)","(26, 0.0035375929437577724)","(29, 0.002896194811910391)"
"(0, 0.4198648929595947)","(12, 0.38958287239074707)","(36, 0.0053803264163434505)","(35, 0.004641037900000811)","(30, 0.002481841016560793)","(33, 0.002391842193901539)","(27, 0.002097825752571225)","(26, 0.0017184659373015165)","(31, 0.0014946326846256852)","(32, 0.001247878186404705)"
"(0, 0.41745877265930176)","(12, 0.3930041790008545)","(37, 0.004914971999824047)","(36, 0.0035688895732164383)","(30, 0.0022346233017742634)","(35, 0.0019377665594220161)","(27, 0.001876011141575873)","(33, 0.0014659896260127425)","(26, 0.0013547298731282353)","(29, 0.0009718878427520394)"
"(0, 0.4331369400024414)","(12, 0.4099094867706299)","(38, 0.003790990449488163)","(37, 0.002700830576941371)","(30, 0.001559667638503015)","(36, 0.0011878536315634847)","(35, 0.0011576489778235555)","(27, 0.0011095815571025014)","(33, 0.0010335297556594014)","(26, 0.00096224679145962)"
"(0, 0.41088318824768066)","(12, 0.3903207778930664)","(39, 0.004881378263235092)","(38, 0.0028331864159554243)","(30, 0.0018676882609724998)","(37, 0.0013829355593770742)","(26, 0.0011590691283345222)","(27, 0.0011220561573281884)","(36, 0.0010985535336658359)","(35, 0.0010940942447632551)"
"(0, 0.4250626564025879)","(12, 0.40166914463043213)","(40, 0.003997080959379673)","(39, 0.0025367208290845156)","(30, 0.0017145576421171427)","(26, 0.001056958339177072)","(27, 0.0009688497520983219)","(38, 0.0008851392194628716)","(37, 0.0008677909499965608)","(35, 0.0008140120189636946)"
"(0, 0.41323280334472656)","(12, 0.4003300666809082)","(41, 0.004001667723059654)","(40, 0.0029139486141502857)","(30, 0.0016397431027144194)","(39, 0.0010899020126089454)","(27, 0.0009873834205791354)","(26, 0.0007906189421191812)","(35, 0.0007778601720929146)","(38, 0.0007094286265783012)"
"(0, 0.41733646392822266)","(12, 0.41280293464660645)","(42, 0.0037942600902169943)","(41, 0.0024282655213028193)","(30, 0.0012343691196292639)","(40, 0.0008958942489698529)","(27, 0.0007398235611617565)","(39, 0.0006816982058808208)","(26, 0.0006365480367094278)","(35, 0.0006210574065335095)"
"(0, 0.4237203598022461)","(12, 0.4139211177825928)","(43, 0.003604601603001356)","(42, 0.0022119239438325167)","(30, 0.001117339008487761)","(41, 0.0008107098401524127)","(27, 0.0006662084488198161)","(40, 0.00062626349972561)","(26, 0.0005972197977825999)","(33, 0.0005107871256768703)"
"(0, 0.40906214714050293)","(12, 0.40529775619506836)","(44, 0.004626752808690071)","(43, 0.0021679981146007776)","(30, 0.0012169487308710814)","(42, 0.000892297422979027)","(41, 0.000654021103400737)","(27, 0.0006503347540274262)","(26, 0.0005784344393759966)","(20, 0.0005656221183016896)"
"(0, 0.4115852117538452)","(12, 0.4028858542442322)","(45, 0.004023393150418997)","(44, 0.0025475455913692713)","(30, 0.0012766023864969611)","(43, 0.0008162999874912202)","(42, 0.0006845446769148111)","(27, 0.0006303354166448116)","(26, 0.000525612267665565)","(41, 0.0005173486424610019)"
"(0, 0.43636393547058105)","(12, 0.4167289733886719)","(46, 0.003054395318031311)","(45, 0.0016587779391556978)","(30, 0.001216774806380272)","(44, 0.0006689083529636264)","(27, 0.000645811203867197)","(26, 0.0005217106081545353)","(33, 0.0004939422942698002)","(43, 0.00048361028893850744)"
"(0, 0.4263573884963989)","(12, 0.4075891971588135)","(47, 0.00376720167696476)","(46, 0.0015488306526094675)","(30, 0.0011680010939016938)","(27, 0.0006927673239260912)","(45, 0.0006870483630336821)","(44, 0.0006086069624871016)","(26, 0.0004801389295607805)","(33, 0.0004593901103362441)"
"(0, 0.4327155351638794)","(12, 0.4280819892883301)","(48, 0.0029831083957105875)","(47, 0.0017209041398018599)","(30, 0.0008509239414706826)","(46, 0.0004678998375311494)","(27, 0.0004598273662850261)","(45, 0.0004128170548938215)","(44, 0.00036817003274336457)","(35, 0.00035889074206352234)"
"(12, 0.43627309799194336)","(0, 0.4193003177642822)","(49, 0.0030563748441636562)","(48, 0.0017652942333370447)","(30, 0.0006702837999910116)","(47, 0.0006298507796600461)","(46, 0.0003729626187123358)","(44, 0.0003538259188644588)","(27, 0.0003255822230130434)","(45, 0.0003220606595277786)"
"(12, 0.4356560707092285)","(0, 0.43061041831970215)","(50, 0.0026584595907479525)","(49, 0.0017392835579812527)","(30, 0.0006955963326618075)","(48, 0.0006049600197002292)","(47, 0.00043356159585528076)","(27, 0.00029098999220877886)","(44, 0.0002840505912899971)","(46, 0.00026146823074668646)"
"(12, 0.25101393461227417)","(0, 0.24106472730636597)","(51, 0.009676039218902588)","(30, 0.006410990376025438)","(27, 0.002537876134738326)","(33, 0.0017776996828615665)","(31, 0.0017150724306702614)","(13, 0.0017072557238861918)","(20, 0.0016763871535658836)","(1, 0.0015632703434675932)"
"(12, 0.17709892988204956)","(0, 0.16733825206756592)","(51, 0.01307576522231102)","(52, 0.008844043128192425)","(30, 0.005502889398485422)","(27, 0.0020344089716672897)","(1, 0.0015627185348421335)","(33, 0.0014785134699195623)","(13, 0.0014589953934773803)","(35, 0.0014207344502210617)"
"(12, 0.18245911598205566)","(0, 0.17443126440048218)","(52, 0.011248458176851273)","(51, 0.009115960448980331)","(53, 0.006787008605897427)","(30, 0.004074614495038986)","(27, 0.001333786640316248)","(13, 0.0011426619021221995)","(20, 0.0010772327659651637)","(1, 0.0010091939475387335)"
"(12, 0.18089646100997925)","(0, 0.17179864645004272)","(52, 0.00905430968850851)","(51, 0.008399699814617634)","(53, 0.007857583463191986)","(54, 0.005162825342267752)","(30, 0.0037538371980190277)","(27, 0.0012361364206299186)","(20, 0.0009343635756522417)","(33, 0.0008681719191372395)"
"(12, 0.17502132058143616)","(0, 0.16212880611419678)","(52, 0.008064181543886662)","(51, 0.007051195949316025)","(53, 0.006111876107752323)","(54, 0.005740111693739891)","(55, 0.004596950486302376)","(30, 0.003251897171139717)","(27, 0.0010829829843714833)","(1, 0.000891749863512814)"
"(12, 0.11188051104545593)","(0, 0.10830369591712952)","(52, 0.00794778112322092)","(51, 0.007356944493949413)","(55, 0.0064497641287744045)","(53, 0.00644270796328783)","(54, 0.005205349065363407)","(56, 0.005067048128694296)","(30, 0.0035776246804744005)","(27, 0.0011951527558267117)"
"(12, 0.0876004695892334)","(0, 0.08388024568557739)","(52, 0.007577530108392239)","(51, 0.0069089122116565704)","(56, 0.006835531443357468)","(53, 0.005835159216076136)","(55, 0.005507411435246468)","(54, 0.005079005844891071)","(57, 0.004473584704101086)","(30, 0.0035836659371852875)"
"(12, 0.10113748908042908)","(0, 0.09609642624855042)","(52, 0.006634652614593506)","(57, 0.006486331112682819)","(51, 0.005745969712734222)","(56, 0.005606865510344505)","(53, 0.005216738674789667)","(55, 0.005027917213737965)","(54, 0.004292706027626991)","(58, 0.0035220638383179903)"
"(12, 0.09773346781730652)","(0, 0.0920833945274353)","(52, 0.005983329843729734)","(57, 0.005542485974729061)","(56, 0.005469713360071182)","(58, 0.005435240920633078)","(51, 0.005165123380720615)","(53, 0.004931459669023752)","(55, 0.004613587167114019)","(54, 0.004139348864555359)"
"(12, 0.15072667598724365)","(0, 0.14644792675971985)","(57, 0.004803706891834736)","(52, 0.004718259442597628)","(56, 0.004411016125231981)","(59, 0.004195365589112043)","(58, 0.004132760223001242)","(51, 0.004095138516277075)","(55, 0.003928062040358782)","(53, 0.003802710911259055)"
"(12, 0.11134383082389832)","(0, 0.1065208911895752)","(52, 0.004953582771122456)","(57, 0.004944310523569584)","(56, 0.004848724231123924)","(51, 0.004510373808443546)","(58, 0.004487671423703432)","(55, 0.00426463782787323)","(53, 0.003968468867242336)","(59, 0.0037709039170295)"
"(12, 0.08906373381614685)","(0, 0.08314326405525208)","(57, 0.0051036495715379715)","(52, 0.0050811851397156715)","(56, 0.004935930948704481)","(51, 0.004517572931945324)","(58, 0.00436722207814455)","(55, 0.004080584738403559)","(53, 0.003911715466529131)","(59, 0.003908292390406132)"
"(12, 0.07245999574661255)","(0, 0.0683358907699585)","(57, 0.004982399754226208)","(52, 0.004898238927125931)","(56, 0.004562101326882839)","(51, 0.004356367513537407)","(58, 0.004328268580138683)","(53, 0.0038767876103520393)","(55, 0.0038109193556010723)","(59, 0.003685723291710019)"
"(12, 0.0814780592918396)","(0, 0.0754145085811615)","(52, 0.004450265783816576)","(57, 0.004400934092700481)","(56, 0.00404002983123064)","(58, 0.004015216138213873)","(51, 0.003935893997550011)","(63, 0.0037915329448878765)","(53, 0.0035524668637663126)","(59, 0.003475869307294488)"
"(12, 0.05083686113357544)","(0, 0.04715338349342346)","(52, 0.004374681040644646)","(57, 0.004265269264578819)","(56, 0.003995311446487904)","(58, 0.003885519690811634)","(64, 0.00366578227840364)","(51, 0.0036037021782249212)","(59, 0.003553257090970874)","(53, 0.0035291279200464487)"
"(12, 0.060761988162994385)","(0, 0.056143343448638916)","(65, 0.004271570593118668)","(57, 0.003980474080890417)","(56, 0.003847630927339196)","(52, 0.0038134653586894274)","(58, 0.003568604588508606)","(55, 0.003327426966279745)","(63, 0.003325514029711485)","(64, 0.0033174469135701656)"
"(12, 0.12449240684509277)","(0, 0.11178013682365417)","(66, 0.004767879378050566)","(65, 0.004537617322057486)","(64, 0.0034222095273435116)","(57, 0.003115222090855241)","(56, 0.0029448866844177246)","(63, 0.002902680542320013)","(58, 0.002634119475260377)","(55, 0.002615882782265544)"
"(12, 0.1211996078491211)","(0, 0.11408549547195435)","(65, 0.004398773889988661)","(66, 0.003610678482800722)","(64, 0.0032682595774531364)","(57, 0.0031202081590890884)","(56, 0.003045924473553896)","(63, 0.0029094985220581293)","(55, 0.0027805371209979057)","(58, 0.0027721161022782326)"
"(12, 0.13023117184638977)","(0, 0.12325268983840942)","(65, 0.003880075877532363)","(57, 0.0032462594099342823)","(56, 0.0032365559600293636)","(64, 0.0030957842245697975)","(66, 0.003028287086635828)","(63, 0.002973934868350625)","(58, 0.0027580212336033583)","(52, 0.0026043460238724947)"
"(12, 0.15538716316223145)","(0, 0.1484767198562622)","(65, 0.003634180873632431)","(57, 0.0033227051608264446)","(64, 0.003095625201240182)","(63, 0.0028205912094563246)","(58, 0.0027664857916533947)","(56, 0.0027176733128726482)","(66, 0.0025652567856013775)","(52, 0.0024189224932342768)"
"(12, 0.14687472581863403)","(0, 0.13869035243988037)","(65, 0.003839470213279128)","(64, 0.003133858321234584)","(58, 0.0030462881550192833)","(57, 0.0030143598560243845)","(63, 0.0026074799243360758)","(66, 0.0025465425569564104)","(59, 0.0024945770855993032)","(52, 0.0024476635735481977)"
"(12, 0.1519252061843872)","(0, 0.13511422276496887)","(65, 0.003769233822822571)","(64, 0.0028439864981919527)","(52, 0.0027844468131661415)","(58, 0.002731786575168371)","(59, 0.002695275703445077)","(66, 0.0026202937588095665)","(57, 0.0024953936226665974)","(63, 0.002485434990376234)"
"(12, 0.15925830602645874)","(0, 0.1432589590549469)","(65, 0.003419045824557543)","(64, 0.0026874919421970844)","(52, 0.0026482343673706055)","(63, 0.002579048043116927)","(56, 0.002530688187107444)","(66, 0.0025130165740847588)","(57, 0.0023776444140821695)","(59, 0.0023412033915519714)"
"(12, 0.1602153182029724)","(0, 0.14821821451187134)","(65, 0.0032313962001353502)","(64, 0.00281305774115026)","(51, 0.002695695497095585)","(57, 0.002684258855879307)","(52, 0.0026037285570055246)","(63, 0.0025714270304888487)","(56, 0.0024404427967965603)","(66, 0.002251331927254796)"
"(12, 0.16909092664718628)","(0, 0.15461236238479614)","(65, 0.003328212071210146)","(52, 0.0030323874671012163)","(64, 0.0027417587116360664)","(63, 0.0026624572928994894)","(57, 0.0025178631767630577)","(51, 0.002443294506520033)","(56, 0.0023056832142174244)","(58, 0.002293753670528531)"
"(12, 0.1618131399154663)","(0, 0.145932137966156)","(65, 0.0033933548256754875)","(64, 0.002939387923106551)","(63, 0.002869942458346486)","(52, 0.0028208340518176556)","(56, 0.0025895508006215096)","(57, 0.0024369433522224426)","(53, 0.002389049157500267)","(58, 0.0022355779074132442)"
"(12, 0.16651973128318787)","(0, 0.15040519833564758)","(65, 0.00352314836345613)","(64, 0.0031035759020596743)","(57, 0.0027504502795636654)","(63, 0.002540446585044265)","(56, 0.002442074939608574)","(52, 0.0024057296104729176)","(51, 0.0022212949115782976)","(66, 0.0022157321218401194)"
"(12, 0.16226252913475037)","(0, 0.14450791478157043)","(65, 0.003816986922174692)","(64, 0.0028393324464559555)","(57, 0.0026251350063830614)","(52, 0.002621191553771496)","(55, 0.0025398735888302326)","(56, 0.0024873148649930954)","(51, 0.0024827567394822836)","(58, 0.0024651605635881424)"
"(12, 0.17676785588264465)","(0, 0.15227150917053223)","(65, 0.0033170590177178383)","(56, 0.002953961491584778)","(52, 0.0028251386247575283)","(57, 0.0025799027644097805)","(66, 0.002522881608456373)","(55, 0.0022846399806439877)","(58, 0.002282402478158474)","(64, 0.002240614267066121)"
"(12, 0.1909944862127304)","(0, 0.1709005981683731)","(57, 0.0029594721272587776)","(65, 0.002637352328747511)","(56, 0.0025961906649172306)","(52, 0.002464692573994398)","(58, 0.0021850753109902143)","(53, 0.002124049700796604)","(63, 0.0021166326478123665)","(66, 0.0021050963550806046)"
"(12, 0.19121751189231873)","(0, 0.17938846349716187)","(57, 0.002807196229696274)","(58, 0.0026198665145784616)","(65, 0.0025251347105950117)","(64, 0.002340184524655342)","(56, 0.0022496539168059826)","(52, 0.002124652499333024)","(55, 0.0020885379053652287)","(63, 0.002045775530859828)"
"(12, 0.21160084009170532)","(0, 0.1941828429698944)","(65, 0.0027388352900743484)","(58, 0.0023567990865558386)","(56, 0.0023331206757575274)","(57, 0.0022433262784034014)","(55, 0.0021951994858682156)","(64, 0.00217998493462801)","(59, 0.0021763439290225506)","(52, 0.0019665879663079977)"
"(12, 0.20511990785598755)","(0, 0.19136422872543335)","(65, 0.002738458104431629)","(56, 0.002617838326841593)","(57, 0.0024967265781015158)","(63, 0.00218033860437572)","(64, 0.0021665007807314396)","(59, 0.0020647807978093624)","(58, 0.0020592748187482357)","(83, 0.001997412648051977)"
"(12, 0.18153077363967896)","(0, 0.1662502884864807)","(57, 0.0029222238808870316)","(65, 0.0028246729634702206)","(64, 0.0025974279269576073)","(56, 0.002442595548927784)","(58, 0.002349644433706999)","(63, 0.002217888366430998)","(84, 0.002190622501075268)","(59, 0.0018879019189625978)"
"(12, 0.1862289309501648)","(0, 0.16323107481002808)","(65, 0.0031197993084788322)","(57, 0.0025809784419834614)","(58, 0.0025795912370085716)","(64, 0.002464305842295289)","(63, 0.002193574793636799)","(56, 0.0021209493279457092)","(85, 0.0020364392548799515)","(59, 0.0019605187699198723)"
"(12, 0.2052817940711975)","(0, 0.17656779289245605)","(65, 0.002772670006379485)","(63, 0.002442446770146489)","(86, 0.00228115008212626)","(64, 0.0022654582280665636)","(58, 0.002126899780705571)","(59, 0.0020699012093245983)","(57, 0.002055352320894599)","(51, 0.002042706124484539)"
"(12, 0.20976048707962036)","(0, 0.18466663360595703)","(65, 0.0027304727118462324)","(64, 0.0026323404163122177)","(52, 0.0023514393251389265)","(87, 0.002305834786966443)","(63, 0.00225270283408463)","(57, 0.002039473270997405)","(51, 0.0019908640533685684)","(59, 0.001802236889488995)"
"(12, 0.19573339819908142)","(0, 0.17968493700027466)","(65, 0.0034568719565868378)","(64, 0.002632668474689126)","(52, 0.002479647286236286)","(88, 0.002104545710608363)","(63, 0.0019834672566503286)","(57, 0.0019697975367307663)","(51, 0.0019358558347448707)","(53, 0.0019154991023242474)"
"(12, 0.20835530757904053)","(0, 0.1843569278717041)","(65, 0.0031786635518074036)","(52, 0.002264656126499176)","(64, 0.0022371334489434958)","(66, 0.0021711024455726147)","(63, 0.0021018998231738806)","(53, 0.001902497373521328)","(89, 0.0018914275569841266)","(55, 0.0017576746176928282)"
"(12, 0.2351749986410141)","(0, 0.19958540797233582)","(65, 0.002545643597841263)","(63, 0.002246570074930787)","(64, 0.0022272502537816763)","(90, 0.0020179522689431906)","(55, 0.0019492108840495348)","(56, 0.0019044408109039068)","(66, 0.0018389843171462417)","(52, 0.0018027324695140123)"
"(12, 0.22423529624938965)","(0, 0.1950913369655609)","(65, 0.002877315739169717)","(64, 0.002597089158371091)","(56, 0.002305144676938653)","(57, 0.002049308270215988)","(63, 0.002046342706307769)","(91, 0.0019946459215134382)","(55, 0.001993522047996521)","(51, 0.001628058380447328)"
"(12, 0.23003792762756348)","(0, 0.19772642850875854)","(65, 0.0030810057651251554)","(57, 0.0023764565121382475)","(56, 0.0022932332940399647)","(64, 0.002268285257741809)","(92, 0.0021599200554192066)","(52, 0.001879413379356265)","(51, 0.0018184216460213065)","(55, 0.0018125324277207255)"
"(12, 0.21463999152183533)","(0, 0.18336760997772217)","(65, 0.0027895569801330566)","(57, 0.0024744546972215176)","(52, 0.0022095025051385164)","(58, 0.002172510139644146)","(56, 0.0021371636539697647)","(93, 0.0020450034644454718)","(64, 0.001983070280402899)","(66, 0.001957980450242758)"
"(12, 0.2497808337211609)","(0, 0.21686780452728271)","(65, 0.0022584625985473394)","(57, 0.002116910647600889)","(58, 0.0020230719819664955)","(64, 0.0018502187449485064)","(94, 0.0017890669405460358)","(52, 0.0017846247646957636)","(59, 0.0017112368950620294)","(56, 0.001679847831837833)"
"(12, 0.276699423789978)","(0, 0.2416052222251892)","(65, 0.0021377888042479753)","(58, 0.0017774656880646944)","(57, 0.001672184793278575)","(52, 0.001649979269132018)","(59, 0.001624289434403181)","(64, 0.001619649468921125)","(95, 0.0015752273611724377)","(55, 0.0014589831698685884)"
"(12, 0.26900893449783325)","(0, 0.23246824741363525)","(65, 0.002048392314463854)","(56, 0.0017423559911549091)","(96, 0.001732686534523964)","(55, 0.0017203142633661628)","(52, 0.0017192586092278361)","(59, 0.0015723406104370952)","(58, 0.0015539098531007767)","(57, 0.001503471750766039)"
"(12, 0.26902151107788086)","(0, 0.2313425987958908)","(56, 0.0020090651232749224)","(97, 0.0019120832439512014)","(57, 0.0018216483294963837)","(65, 0.001810720656067133)","(52, 0.001622077776119113)","(63, 0.0015360269462689757)","(55, 0.0014923970447853208)","(51, 0.0014912347542122006)"
"(12, 0.2901715040206909)","(0, 0.2515367865562439)","(98, 0.0021718237549066544)","(57, 0.0018226047977805138)","(51, 0.001687448937445879)","(65, 0.0016525830142199993)","(63, 0.0016483571380376816)","(64, 0.001565000624395907)","(52, 0.0015585930086672306)","(56, 0.0015172486891970038)"
"(12, 0.2605096697807312)","(0, 0.215309739112854)","(52, 0.002253720536828041)","(65, 0.002119056647643447)","(51, 0.002118604024872184)","(64, 0.0020551399793475866)","(99, 0.0019818046130239964)","(63, 0.0018188211834058166)","(57, 0.0017534904181957245)","(58, 0.0017237159190699458)"
"(12, 0.24307136237621307)","(0, 0.19975094497203827)","(65, 0.0026136147789657116)","(52, 0.002536187879741192)","(64, 0.002140993485227227)","(100, 0.0021283633541315794)","(51, 0.0019103212980553508)","(53, 0.0018167903181165457)","(63, 0.0017478857189416885)","(57, 0.0017229777295142412)"
"(12, 0.2541094422340393)","(0, 0.21673613786697388)","(65, 0.002503456547856331)","(52, 0.00217481073923409)","(101, 0.0019799198489636183)","(64, 0.0019256420200690627)","(53, 0.001839360105805099)","(51, 0.0017045460408553481)","(57, 0.0016487960238009691)","(56, 0.001488161040470004)"
"(12, 0.284121036529541)","(0, 0.22991251945495605)","(65, 0.0021488075144588947)","(102, 0.0019587960559874773)","(52, 0.00188228371553123)","(55, 0.0017695629503577948)","(56, 0.0015765222487971187)","(53, 0.0015082028694450855)","(64, 0.0014788999687880278)","(57, 0.0014452941250056028)"
"(12, 0.2833055257797241)","(0, 0.22687900066375732)","(103, 0.002263916190713644)","(56, 0.002113726921379566)","(55, 0.0019703127909451723)","(65, 0.001826058141887188)","(57, 0.001668431330472231)","(52, 0.0015955270500853658)","(53, 0.0014141032006591558)","(63, 0.0013475342420861125)"
"(12, 0.27298033237457275)","(0, 0.22753876447677612)","(56, 0.00232134573161602)","(57, 0.00222873711027205)","(104, 0.0021197982132434845)","(55, 0.0017881664680317044)","(65, 0.0016235281946137547)","(64, 0.001582055352628231)","(63, 0.001570270280353725)","(58, 0.0014753995928913355)"
"(12, 0.272182822227478)","(0, 0.23003971576690674)","(57, 0.0023936580400913954)","(56, 0.0020415137987583876)","(105, 0.0019677155651152134)","(65, 0.0019183226395398378)","(58, 0.001896803267300129)","(64, 0.0017810472054407)","(55, 0.001617302536033094)","(51, 0.0015377758536487818)"
"(12, 0.25146225094795227)","(0, 0.21530091762542725)","(65, 0.002301429398357868)","(57, 0.0022177016362547874)","(58, 0.002209265250712633)","(106, 0.0021463457960635424)","(56, 0.0019767251797020435)","(52, 0.0019286195747554302)","(59, 0.001686871750280261)","(64, 0.001679500681348145)"
"(12, 0.2734818458557129)","(0, 0.2312854528427124)","(57, 0.001971760531887412)","(65, 0.0019054255681112409)","(52, 0.0018761276733130217)","(58, 0.0018397084204480052)","(107, 0.0018298133509233594)","(59, 0.001774323987774551)","(56, 0.0015612284187227488)","(64, 0.0015087061328813434)"
"(12, 0.29252874851226807)","(0, 0.24771195650100708)","(108, 0.0018187299137935042)","(65, 0.0017764978110790253)","(58, 0.0016485496889799833)","(57, 0.0015472646337002516)","(52, 0.0014973997604101896)","(59, 0.0014849989674985409)","(64, 0.0014458916848525405)","(53, 0.0012983031338080764)"
"(12, 0.25813430547714233)","(0, 0.22075727581977844)","(109, 0.001991117838770151)","(65, 0.0019278067629784346)","(55, 0.0016567619750276208)","(52, 0.001559325261041522)","(56, 0.0015547663206234574)","(59, 0.0015263527166098356)","(58, 0.0015083528123795986)","(64, 0.0014942171983420849)"
"(12, 0.27044886350631714)","(0, 0.2282668650150299)","(110, 0.002070097252726555)","(56, 0.0017974828369915485)","(63, 0.0017188958590850234)","(65, 0.0017156294779852033)","(52, 0.0016064363298937678)","(55, 0.0015681228833273053)","(64, 0.001521877944469452)","(57, 0.001511196605861187)"
"(12, 0.2937541604042053)","(0, 0.25376343727111816)","(64, 0.0018906969344243407)","(63, 0.0018238397315144539)","(65, 0.001791477669030428)","(57, 0.0017047303263098001)","(56, 0.0016634386265650392)","(111, 0.0014747946988791227)","(52, 0.001441942062228918)","(55, 0.0012203541118651628)"
"(12, 0.29291385412216187)","(0, 0.24602848291397095)","(65, 0.002287086332216859)","(64, 0.002060241997241974)","(112, 0.0017746689263731241)","(57, 0.0017258996376767755)","(63, 0.0015804158756509423)","(58, 0.0014609399950131774)","(52, 0.0014423156389966607)","(51, 0.0013829319505020976)"
"(12, 0.28218287229537964)","(0, 0.2256045937538147)","(65, 0.002589746844023466)","(113, 0.002349812537431717)","(64, 0.0018850479973480105)","(52, 0.0017402085941284895)","(58, 0.0015724076656624675)","(63, 0.0015351363690569997)","(57, 0.001493972958996892)","(51, 0.0014187905471771955)"
"(12, 0.3293221592903137)","(0, 0.25651031732559204)","(65, 0.001974068582057953)","(114, 0.0018867445178329945)","(64, 0.0015166144585236907)","(52, 0.001454434241168201)","(113, 0.0013643947895616293)","(56, 0.001270033186301589)","(66, 0.0012413011863827705)","(57, 0.001191287417896092)"
"(12, 0.30810457468032837)","(0, 0.24686044454574585)","(65, 0.0020844636019319296)","(115, 0.001848951680585742)","(52, 0.0015968019142746925)","(57, 0.0014955506194382906)","(64, 0.0014294416178017855)","(56, 0.001401335233822465)","(51, 0.0013264452572911978)","(66, 0.0012570848921313882)"
"(12, 0.2631184458732605)","(0, 0.21673065423965454)","(116, 0.0024347524158656597)","(65, 0.0019407984800636768)","(52, 0.0017956140218302608)","(57, 0.0016360465670004487)","(56, 0.001610237522982061)","(55, 0.0015925740590319037)","(58, 0.0014964035945013165)","(115, 0.0014436787459999323)"
"(12, 0.2690730690956116)","(0, 0.2226911187171936)","(117, 0.0023516647052019835)","(56, 0.001819654949940741)","(116, 0.0016685299342498183)","(57, 0.0016554906032979488)","(52, 0.0016391476383432746)","(65, 0.001636319444514811)","(63, 0.00153036555275321)","(55, 0.0015240858774632215)"
"(12, 0.30315303802490234)","(0, 0.26139700412750244)","(118, 0.002020852640271187)","(57, 0.0016228455351665616)","(65, 0.00158695038408041)","(64, 0.0015610097907483578)","(56, 0.0015324923442676663)","(117, 0.0014827923150733113)","(63, 0.0013971282169222832)","(55, 0.00130251154769212)"
"(12, 0.3126622438430786)","(0, 0.2702471613883972)","(119, 0.002182435942813754)","(65, 0.001797468401491642)","(64, 0.0015194021398201585)","(57, 0.001467387774027884)","(56, 0.0013752379454672337)","(58, 0.0013007288798689842)","(118, 0.0012623455841094255)","(52, 0.0012529368977993727)"
"(12, 0.30736374855041504)","(0, 0.24900764226913452)","(120, 0.0021979559678584337)","(65, 0.0019690836779773235)","(57, 0.0015302107203751802)","(56, 0.0014980084961280227)","(52, 0.0014366740360856056)","(58, 0.0013831403339281678)","(64, 0.0013487290125340223)","(119, 0.001264988910406828)"
"(12, 0.3174628019332886)","(0, 0.25968295335769653)","(121, 0.0019560952205210924)","(65, 0.0016064499504864216)","(57, 0.0015100287273526192)","(58, 0.0013132296735420823)","(56, 0.001299512223340571)","(120, 0.0012830717023462057)","(52, 0.0012553030392155051)","(64, 0.0012269190046936274)"
"(12, 0.2835375666618347)","(0, 0.23319892585277557)","(122, 0.002497568493708968)","(51, 0.0016998077044263482)","(65, 0.0016671038465574384)","(52, 0.001574017689563334)","(64, 0.0015168768586590886)","(57, 0.001500357175245881)","(58, 0.0014669853262603283)","(56, 0.001306219957768917)"
"(12, 0.3002657890319824)","(0, 0.24611777067184448)","(123, 0.002109082415699959)","(52, 0.0018705145921558142)","(65, 0.0016928098630160093)","(51, 0.0015895126853138208)","(122, 0.001522080972790718)","(64, 0.0013290976639837027)","(56, 0.0013123939279466867)","(57, 0.0012273101601749659)"
"(12, 0.31775933504104614)","(0, 0.26992782950401306)","(124, 0.0021202079951763153)","(52, 0.0017368198605254292)","(65, 0.0014550397172570229)","(51, 0.0014213148970156908)","(53, 0.001269419793970883)","(56, 0.0012379428371787071)","(64, 0.0012005351018160582)","(57, 0.0011855494230985641)"
"(12, 0.27492374181747437)","(0, 0.23239701986312866)","(125, 0.0020669000223279)","(52, 0.0019239616813138127)","(65, 0.0016893395222723484)","(51, 0.0015938669675961137)","(64, 0.0015668453415855765)","(124, 0.0014810264110565186)","(57, 0.001464768429286778)","(53, 0.0014599236892536283)"
"(12, 0.32543057203292847)","(0, 0.259609192609787)","(126, 0.0016924373339861631)","(65, 0.0016436914447695017)","(52, 0.0016150407027453184)","(55, 0.001369774341583252)","(125, 0.0013621947728097439)","(64, 0.0013297672849148512)","(51, 0.001314016175456345)","(56, 0.0012225795071572065)"
"(12, 0.3249080777168274)","(0, 0.25057679414749146)","(65, 0.0016532224835827947)","(56, 0.001632140134461224)","(52, 0.0016261874698102474)","(127, 0.001559511641971767)","(55, 0.0014274861896410584)","(51, 0.0013382002944126725)","(64, 0.0013104532845318317)","(57, 0.0012884022435173392)"
"(12, 0.2839587926864624)","(0, 0.22958499193191528)","(128, 0.002461344003677368)","(52, 0.0017354653682559729)","(56, 0.0017338632605969906)","(57, 0.0017228020587936044)","(65, 0.001713883480988443)","(55, 0.001496148994192481)","(51, 0.0014335084706544876)","(64, 0.001402276917360723)"
"(12, 0.3093619644641876)","(0, 0.25369441509246826)","(129, 0.0022041883785277605)","(57, 0.001676427898928523)","(65, 0.0015999585157260299)","(128, 0.0015997039154171944)","(56, 0.0015830574557185173)","(52, 0.0015773022314533591)","(58, 0.0014106071321293712)","(55, 0.0013802150497213006)"
"(12, 0.3153737187385559)","(0, 0.25687238574028015)","(130, 0.002036184072494507)","(57, 0.001602917443960905)","(56, 0.0015388402389362454)","(52, 0.001531664514914155)","(129, 0.0014695575227960944)","(58, 0.0014456448843702674)","(65, 0.001431658398360014)","(55, 0.0013221786357462406)"
"(12, 0.35134124755859375)","(0, 0.29335010051727295)","(131, 0.0019279292318969965)","(57, 0.001375074265524745)","(56, 0.0013192896731197834)","(58, 0.001217305427417159)","(130, 0.001158600440248847)","(55, 0.0011488036252558231)","(52, 0.0010919907363131642)","(65, 0.001071348087862134)"
"(12, 0.2963109016418457)","(0, 0.25236356258392334)","(132, 0.0024618383031338453)","(57, 0.0016798034776002169)","(56, 0.001600791933014989)","(58, 0.001494226511567831)","(65, 0.0014555995585396886)","(55, 0.0013945847749710083)","(64, 0.0012822721619158983)","(59, 0.0012807585299015045)"
"(12, 0.30955469608306885)","(0, 0.2548183798789978)","(133, 0.00245298002846539)","(57, 0.0015677677001804113)","(56, 0.0015211498830467463)","(65, 0.001474885386414826)","(132, 0.001443492597900331)","(58, 0.0014022800605744123)","(55, 0.0013126463163644075)","(51, 0.0012848138576373458)"
"(12, 0.3321683406829834)","(0, 0.26920580863952637)","(134, 0.0022163621615618467)","(57, 0.0014340464258566499)","(52, 0.0014204139588400722)","(56, 0.0013704001903533936)","(51, 0.00129801407456398)","(58, 0.0012504853075370193)","(63, 0.0012005841126665473)","(65, 0.0011890436289831996)"
"(12, 0.3164794445037842)","(0, 0.2570725083351135)","(135, 0.0025216620415449142)","(134, 0.0015645574312657118)","(52, 0.0015381849370896816)","(51, 0.0015031045768409967)","(57, 0.001389482757076621)","(64, 0.001384975272230804)","(65, 0.0013122300151735544)","(63, 0.0012327490840107203)"
"(12, 0.32087188959121704)","(0, 0.2682763934135437)","(136, 0.002029931638389826)","(52, 0.0017635206459090114)","(65, 0.0016884028445929289)","(51, 0.001628992147743702)","(64, 0.001384630799293518)","(58, 0.0011797781335189939)","(135, 0.0011768584372475743)","(63, 0.0011695402208715677)"
"(12, 0.3271768093109131)","(0, 0.26643532514572144)","(137, 0.0019733363296836615)","(52, 0.0019074310548603535)","(65, 0.001687909010797739)","(64, 0.0013691999483853579)","(53, 0.0013535922626033425)","(51, 0.0012973290868103504)","(55, 0.0011406929697841406)","(63, 0.0011278630699962378)"
"(12, 0.3403738737106323)","(0, 0.27605700492858887)","(138, 0.002088687615469098)","(65, 0.0015671600122004747)","(52, 0.0014798362972214818)","(53, 0.0013149799779057503)","(64, 0.0012525080237537622)","(56, 0.0012094685807824135)","(55, 0.001159472856670618)","(63, 0.0010459008626639843)"
"(12, 0.34354209899902344)","(0, 0.2796810269355774)","(139, 0.0018467786721885204)","(65, 0.0015393506037071347)","(55, 0.001389788230881095)","(56, 0.0013108025304973125)","(64, 0.0012389965122565627)","(57, 0.0012117718579247594)","(52, 0.0011710906401276588)","(138, 0.0010973899625241756)"
"(12, 0.3065882921218872)","(0, 0.2354116439819336)","(140, 0.002013459801673889)","(56, 0.001790535287000239)","(65, 0.0017395479371771216)","(55, 0.0017105804290622473)","(57, 0.0015678731724619865)","(52, 0.0014436249621212482)","(64, 0.001396942068822682)","(139, 0.0013867357047274709)"
"(12, 0.32014748454093933)","(0, 0.24717015027999878)","(56, 0.0017939727986231446)","(141, 0.0017742675263434649)","(57, 0.0016713999211788177)","(140, 0.0015836828388273716)","(65, 0.0015538055449724197)","(52, 0.001362163806334138)","(55, 0.0012904579052701592)","(64, 0.0012673105811700225)"
"(12, 0.3156841993331909)","(0, 0.25811368227005005)","(142, 0.001909141312353313)","(57, 0.0018968990771099925)","(65, 0.0015867373440414667)","(52, 0.0015049648936837912)","(58, 0.00148937723133713)","(56, 0.001472996547818184)","(51, 0.001375190680846572)","(64, 0.0012914651306346059)"
"(12, 0.34628134965896606)","(0, 0.2783028483390808)","(143, 0.0017203523311764002)","(58, 0.0015187254175543785)","(52, 0.0014943249989300966)","(65, 0.001420737011358142)","(57, 0.0014096524100750685)","(59, 0.0011263228952884674)","(56, 0.0011029577581211925)","(55, 0.0010250823106616735)"
"(12, 0.3269176781177521)","(0, 0.26399317383766174)","(144, 0.002060874830931425)","(59, 0.001362000359222293)","(58, 0.0013454495929181576)","(52, 0.0013178095687180758)","(56, 0.0012720371596515179)","(65, 0.0012641032226383686)","(57, 0.0012358396779745817)","(53, 0.0012021246366202831)"
"(12, 0.3443257510662079)","(0, 0.28337782621383667)","(145, 0.0020388197153806686)","(56, 0.0012183382641524076)","(57, 0.0011824620887637138)","(144, 0.0011771069839596748)","(55, 0.0011559159029275179)","(52, 0.0010279753478243947)","(59, 0.0010260383132845163)","(65, 0.0009958820883184671)"
"(12, 0.3507014513015747)","(0, 0.2924426198005676)","(146, 0.002054983749985695)","(56, 0.0012437491677701473)","(55, 0.0011826872359961271)","(57, 0.0011756643652915955)","(51, 0.0011310038389638066)","(145, 0.0011139186099171638)","(52, 0.0010909892152994871)","(65, 0.0010893301805481315)"
"(12, 0.3304624557495117)","(0, 0.26997655630111694)","(147, 0.002193890977650881)","(52, 0.0014312334824353456)","(56, 0.0014125334564596415)","(65, 0.0013948701089248061)","(51, 0.0013476371532306075)","(57, 0.0013201264664530754)","(64, 0.0012599515030160546)","(63, 0.0011980162234976888)"
"(12, 0.292286217212677)","(0, 0.2372705638408661)","(148, 0.0024624031502753496)","(52, 0.0017886479618027806)","(65, 0.0016963295638561249)","(57, 0.0016192268813028932)","(64, 0.0015868741320446134)","(51, 0.0015682807425037026)","(63, 0.001562219695188105)","(147, 0.0013918051263317466)"
"(12, 0.30354949831962585)","(0, 0.2427736222743988)","(149, 0.002673542592674494)","(65, 0.0018300577066838741)","(52, 0.0017357046017423272)","(64, 0.0017153853550553322)","(51, 0.0016219421522691846)","(148, 0.0014943296555429697)","(58, 0.0013366327621042728)","(53, 0.0012481040321290493)"
"(12, 0.3186799883842468)","(0, 0.24407094717025757)","(150, 0.002517144661396742)","(65, 0.001938937697559595)","(52, 0.0017975628143176436)","(149, 0.0015311819734051824)","(51, 0.0014394313329830766)","(64, 0.0013371402164921165)","(53, 0.0012345253489911556)","(55, 0.0011859785299748182)"
"(12, 0.3115851879119873)","(0, 0.24379146099090576)","(151, 0.0028368961066007614)","(150, 0.0018027517944574356)","(52, 0.001696423627436161)","(65, 0.0015694089233875275)","(56, 0.0013357253046706319)","(53, 0.001319501898251474)","(55, 0.0013082894729450345)","(51, 0.0011956964153796434)"
"(12, 0.3194786310195923)","(0, 0.254808247089386)","(152, 0.0023747633676975965)","(151, 0.0015263642417266965)","(56, 0.0015050924848765135)","(52, 0.0014564594021067023)","(55, 0.0014012432657182217)","(57, 0.0013752235099673271)","(53, 0.0012720339000225067)","(65, 0.0012711576418951154)"
"(12, 0.3185988962650299)","(0, 0.24943745136260986)","(153, 0.00231533101759851)","(56, 0.0015658033080399036)","(57, 0.0015312102623283863)","(55, 0.0014988298062235117)","(52, 0.0014581294963136315)","(65, 0.0013489738339558244)","(51, 0.0013091040309518576)","(152, 0.0012181573547422886)"
"(12, 0.3014203906059265)","(0, 0.24114838242530823)","(154, 0.002333498327061534)","(56, 0.0017725139623507857)","(57, 0.0016835910500958562)","(52, 0.0016448305686935782)","(55, 0.0014923469861969352)","(65, 0.0014645488699898124)","(58, 0.0013889328110963106)","(51, 0.0013379094889387488)"
"(12, 0.32803085446357727)","(0, 0.2622184753417969)","(155, 0.0019292053766548634)","(154, 0.0016610659658908844)","(57, 0.0015530888922512531)","(56, 0.0014547051396220922)","(52, 0.0014060188550502062)","(65, 0.0013511978322640061)","(58, 0.001222594059072435)","(64, 0.0011996610555797815)"
"(12, 0.319973349571228)","(0, 0.25953418016433716)","(156, 0.0021081746090203524)","(57, 0.0016132547752931714)","(65, 0.0015791187761351466)","(58, 0.0014766589738428593)","(52, 0.0013311296934261918)","(56, 0.0013139629736542702)","(155, 0.0012892986414954066)","(55, 0.0011635087430477142)"
"(12, 0.30235928297042847)","(0, 0.23757141828536987)","(157, 0.0022086957469582558)","(156, 0.0017263906775042415)","(58, 0.00147517048753798)","(57, 0.001442573731765151)","(56, 0.0013901626225560904)","(52, 0.0013644866412505507)","(65, 0.0013485344825312495)","(55, 0.0013297531986609101)"
"(12, 0.3213428854942322)","(0, 0.2505677044391632)","(158, 0.0021720081567764282)","(157, 0.0014953253557905555)","(56, 0.0014610679354518652)","(57, 0.0013524644309654832)","(55, 0.0012485949555411935)","(58, 0.001182871637865901)","(52, 0.001171125448308885)","(59, 0.0011583208106458187)"
"(12, 0.3352597951889038)","(0, 0.28038299083709717)","(159, 0.0018994994461536407)","(57, 0.0013766931369900703)","(56, 0.0012958877487108111)","(158, 0.0012782694539055228)","(65, 0.0011495955986902118)","(64, 0.0011271367548033595)","(58, 0.0010926808463409543)","(63, 0.0010757449781522155)"
"(12, 0.3054508566856384)","(0, 0.2535339593887329)","(160, 0.002308652503415942)","(65, 0.0015413991641253233)","(57, 0.00149047770537436)","(64, 0.0014088640455156565)","(51, 0.0013848001835867763)","(159, 0.0013732158113270998)","(52, 0.00135259167291224)","(58, 0.0013221134431660175)"
"(12, 0.3125668168067932)","(0, 0.25093740224838257)","(161, 0.0023862761445343494)","(160, 0.0016057629836723208)","(65, 0.0016007269732654095)","(52, 0.0015460624126717448)","(64, 0.0013573517790064216)","(63, 0.0012741866521537304)","(57, 0.001268139574676752)","(58, 0.001234987867064774)"
"(12, 0.2863927483558655)","(0, 0.23094463348388672)","(162, 0.0031327714677900076)","(161, 0.0018974224803969264)","(65, 0.0017449925653636456)","(64, 0.0015751395840197802)","(52, 0.001470486749894917)","(51, 0.0013120296644046903)","(63, 0.00130259629804641)","(57, 0.001285004778765142)"
"(12, 0.523223876953125)","(0, 0.35828399658203125)","(163, 0.004284104332327843)","(162, 0.000820159912109375)","(65, 0.0003380377311259508)","(64, 0.0002511247294023633)","(52, 0.00023803312797099352)","(51, 0.00022955844178795815)","(161, 0.00020239281002432108)","(55, 0.00016558251809328794)"
"(12, 0.4812469482421875)","(0, 0.3518333435058594)","(164, 0.01017221063375473)","(163, 0.003505302593111992)","(162, 0.000985646154731512)","(65, 0.0005829517031088471)","(52, 0.000481100520119071)","(64, 0.0004580316599458456)","(51, 0.00043686165008693933)","(57, 0.0003513731062412262)"
"(12, 0.3969879150390625)","(0, 0.3023185729980469)","(165, 0.02806393802165985)","(164, 0.022846687585115433)","(163, 0.0013286881148815155)","(65, 0.0011238357983529568)","(52, 0.0009721273090690374)","(64, 0.0008742131758481264)","(51, 0.0008681664476171136)","(55, 0.0007464381633326411)"
"(12, 0.41364288330078125)","(0, 0.3083763122558594)","(165, 0.045435354113578796)","(164, 0.009818825870752335)","(166, 0.009064927697181702)","(65, 0.000968398991972208)","(52, 0.0008657177677378058)","(51, 0.0007795047713443637)","(64, 0.0007516557816416025)","(55, 0.0007013246649876237)"
"(12, 0.43090057373046875)","(0, 0.31589508056640625)","(165, 0.04239094257354736)","(166, 0.02122986689209938)","(167, 0.012992536649107933)","(164, 0.006094697862863541)","(65, 0.0008740844205021858)","(52, 0.0007621818222105503)","(51, 0.0006969356909394264)","(64, 0.0006638957420364022)"
"(12, 0.3957939147949219)","(0, 0.29796600341796875)","(165, 0.016230508685112)","(168, 0.013656273484230042)","(167, 0.010515891015529633)","(166, 0.007519908249378204)","(164, 0.0030968356877565384)","(65, 0.001100178575143218)","(52, 0.0010269774356856942)","(51, 0.0009225099347531796)"
"(12, 0.4226951599121094)","(0, 0.3117790222167969)","(168, 0.02431531995534897)","(165, 0.016350846737623215)","(169, 0.0163288414478302)","(167, 0.015237756073474884)","(166, 0.009440578520298004)","(164, 0.0026214011013507843)","(65, 0.0008639493025839329)","(52, 0.0007928352570161223)"
"(12, 0.3513774871826172)","(0, 0.26694488525390625)","(168, 0.036083072423934937)","(165, 0.021500982344150543)","(170, 0.01802709698677063)","(167, 0.01468418538570404)","(169, 0.01431942731142044)","(166, 0.012588247656822205)","(164, 0.0033853836357593536)","(65, 0.001197656849399209)"
"(12, 0.3953742980957031)","(0, 0.2805747985839844)","(165, 0.057406872510910034)","(170, 0.049387551844120026)","(168, 0.03007403016090393)","(166, 0.022721219807863235)","(169, 0.02057422511279583)","(167, 0.019609645009040833)","(171, 0.010930046439170837)","(164, 0.006500944495201111)"
"(12, 0.3912811279296875)","(0, 0.2884979248046875)","(165, 0.03959716111421585)","(170, 0.020944833755493164)","(171, 0.015126056969165802)","(168, 0.01477012038230896)","(167, 0.010812550783157349)","(166, 0.009629376232624054)","(169, 0.007968731224536896)","(164, 0.007871605455875397)"
"(12, 0.39919281005859375)","(0, 0.2988853454589844)","(165, 0.03073706477880478)","(170, 0.02008916437625885)","(173, 0.01486116647720337)","(171, 0.0142718106508255)","(168, 0.01309078186750412)","(167, 0.012007135897874832)","(166, 0.010886210948228836)","(169, 0.0071544349193573)"
"(12, 0.3954887390136719)","(0, 0.2976417541503906)","(173, 0.02281123399734497)","(168, 0.010529443621635437)","(170, 0.008474975824356079)","(174, 0.007120802998542786)","(172, 0.006833720952272415)","(171, 0.006356664001941681)","(165, 0.0059503354132175446)","(169, 0.004453226923942566)"
"(12, 0.3928184509277344)","(0, 0.3033599853515625)","(173, 0.015671566128730774)","(175, 0.012135446071624756)","(170, 0.006338581442832947)","(171, 0.006297886371612549)","(172, 0.005424410104751587)","(174, 0.005255207419395447)","(168, 0.0052114203572273254)","(165, 0.0050783902406692505)"
"(12, 0.410400390625)","(0, 0.3087577819824219)","(165, 0.016366150230169296)","(176, 0.014771446585655212)","(175, 0.014718428254127502)","(173, 0.010876275599002838)","(168, 0.009872354567050934)","(170, 0.009490877389907837)","(171, 0.005842022597789764)","(172, 0.0034605897963047028)"
"(12, 0.4098663330078125)","(0, 0.3092174530029297)","(176, 0.02066580206155777)","(165, 0.01165013387799263)","(170, 0.00930287316441536)","(177, 0.009056910872459412)","(173, 0.007802069187164307)","(171, 0.00675349123775959)","(168, 0.006022309884428978)","(175, 0.004189938306808472)"
"(12, 0.3861846923828125)","(0, 0.2932624816894531)","(178, 0.013233020901679993)","(177, 0.012761112302541733)","(168, 0.011347532272338867)","(176, 0.010611336678266525)","(170, 0.008366979658603668)","(173, 0.004268251359462738)","(165, 0.0041433777660131454)","(171, 0.0033843591809272766)"
"(12, 0.39230918884277344)","(0, 0.2896842956542969)","(178, 0.0462678000330925)","(179, 0.016540877521038055)","(176, 0.01611196994781494)","(177, 0.01219320297241211)","(171, 0.0075210090726614)","(170, 0.007217682898044586)","(165, 0.007207239046692848)","(173, 0.006058361381292343)"
"(12, 0.4415855407714844)","(0, 0.3289680480957031)","(179, 0.016727708280086517)","(178, 0.015999970957636833)","(180, 0.009854119271039963)","(170, 0.009290309622883797)","(177, 0.007382974028587341)","(176, 0.003865424543619156)","(168, 0.003664078190922737)","(169, 0.002558339387178421)"
"(12, 0.39122772216796875)","(0, 0.2968463897705078)","(178, 0.023876020684838295)","(179, 0.018221691250801086)","(181, 0.01262298971414566)","(180, 0.009332336485385895)","(168, 0.008274566382169724)","(170, 0.006517888978123665)","(177, 0.006003186106681824)","(176, 0.003989353775978088)"
"(12, 0.40396881103515625)","(0, 0.2946968078613281)","(181, 0.038363732397556305)","(178, 0.022181164473295212)","(182, 0.02165992371737957)","(179, 0.021331150084733963)","(180, 0.01890973001718521)","(176, 0.009905552491545677)","(177, 0.008995575830340385)","(165, 0.006401224061846733)"
"(12, 0.42609405517578125)","(0, 0.3161773681640625)","(182, 0.02317225933074951)","(181, 0.01086164265871048)","(183, 0.0073372721672058105)","(180, 0.006266169250011444)","(176, 0.00614427775144577)","(178, 0.0060679055750370026)","(179, 0.005540626123547554)","(177, 0.005248179659247398)"
"(12, 0.3821239471435547)","(0, 0.29117774963378906)","(184, 0.014385178685188293)","(183, 0.007744569331407547)","(181, 0.005566805601119995)","(182, 0.005100801587104797)","(168, 0.004842424765229225)","(178, 0.004291459918022156)","(170, 0.004069540649652481)","(180, 0.0024528950452804565)"
"(12, 0.3899574279785156)","(0, 0.28495025634765625)","(184, 0.04034024477005005)","(182, 0.016375962644815445)","(185, 0.01415860652923584)","(183, 0.009052950888872147)","(181, 0.007877461612224579)","(178, 0.005284003913402557)","(170, 0.004893189296126366)","(179, 0.004710134118795395)"
"(12, 0.374542236328125)","(0, 0.2820758819580078)","(184, 0.027700603008270264)","(186, 0.015110969543457031)","(185, 0.013585060834884644)","(182, 0.010205626487731934)","(168, 0.006501097232103348)","(181, 0.006232954561710358)","(178, 0.0060261450707912445)","(183, 0.005796387791633606)"
"(12, 0.439300537109375)","(0, 0.3230133056640625)","(186, 0.021532438695430756)","(187, 0.01922464370727539)","(184, 0.015500865876674652)","(185, 0.008746027946472168)","(181, 0.0031429100781679153)","(182, 0.0030809640884399414)","(183, 0.0030351802706718445)","(170, 0.002020442858338356)"
"(12, 0.3971710205078125)","(0, 0.3003578186035156)","(184, 0.022636406123638153)","(188, 0.02148657850921154)","(186, 0.01584610342979431)","(185, 0.006446763873100281)","(181, 0.004411136731505394)","(170, 0.0028837304562330246)","(182, 0.0026260092854499817)","(183, 0.002405371516942978)"
"(12, 0.4183998107910156)","(0, 0.3044013977050781)","(188, 0.05242215842008591)","(186, 0.015579253435134888)","(189, 0.010717183351516724)","(184, 0.00829518586397171)","(185, 0.006052695214748383)","(182, 0.004823384806513786)","(187, 0.0032538343220949173)","(181, 0.003021329641342163)"
"(12, 0.4111051559448242)","(0, 0.3076906204223633)","(188, 0.037361010909080505)","(190, 0.01817513257265091)","(189, 0.013678222894668579)","(186, 0.011235728859901428)","(184, 0.008460350334644318)","(185, 0.005823792889714241)","(187, 0.003246622160077095)","(181, 0.0028849486261606216)"
"(12, 0.3572235107421875)","(0, 0.2733774185180664)","(188, 0.04094614088535309)","(191, 0.0238320454955101)","(184, 0.015889115631580353)","(189, 0.012678518891334534)","(186, 0.010767027735710144)","(185, 0.005023602396249771)","(190, 0.003834545612335205)","(181, 0.0037849321961402893)"
"(12, 0.3834648132324219)","(0, 0.2862434387207031)","(191, 0.03754936158657074)","(188, 0.02671711891889572)","(189, 0.01620936393737793)","(192, 0.013475917279720306)","(184, 0.013090873137116432)","(186, 0.010654345154762268)","(185, 0.00830976851284504)","(182, 0.005010494962334633)"
"(12, 0.3637542724609375)","(0, 0.28571319580078125)","(193, 0.018436864018440247)","(191, 0.016854077577590942)","(188, 0.015219612047076225)","(192, 0.013226710259914398)","(184, 0.009297709912061691)","(186, 0.005127735435962677)","(189, 0.004540620371699333)","(185, 0.0035551004111766815)"
"(12, 0.4127960205078125)","(0, 0.32247161865234375)","(193, 0.03612307459115982)","(191, 0.011307425796985626)","(192, 0.009954072535037994)","(188, 0.007477164268493652)","(194, 0.00525287538766861)","(184, 0.00442984513938427)","(186, 0.003934845328330994)","(189, 0.0036611612886190414)"
"(12, 0.373504638671875)","(0, 0.30020904541015625)","(193, 0.015212737023830414)","(195, 0.013449635356664658)","(191, 0.006984785199165344)","(184, 0.006517896428704262)","(188, 0.005062872543931007)","(192, 0.004994921386241913)","(168, 0.004750743508338928)","(194, 0.004530802369117737)"
"(12, 0.37570953369140625)","(0, 0.2816123962402344)","(186, 0.01710640639066696)","(188, 0.015631146728992462)","(193, 0.014702610671520233)","(195, 0.013081420212984085)","(191, 0.012590333819389343)","(182, 0.012573890388011932)","(185, 0.011507699266076088)","(176, 0.009219348430633545)"
"(12, 0.3997383117675781)","(0, 0.3182182312011719)","(196, 0.013351373374462128)","(182, 0.008458860218524933)","(197, 0.008390761911869049)","(176, 0.0065135471522808075)","(195, 0.004822203889489174)","(186, 0.004281552508473396)","(193, 0.0041329264640808105)","(170, 0.003650633618235588)"
"(12, 0.35839080810546875)","(0, 0.29384613037109375)","(198, 0.014572791755199432)","(184, 0.012250320985913277)","(197, 0.010334722697734833)","(196, 0.00895913690328598)","(193, 0.007502317428588867)","(195, 0.006977226585149765)","(188, 0.004967004060745239)","(170, 0.004403367638587952)"
"(12, 0.34397125244140625)","(0, 0.2904052734375)","(199, 0.008313491940498352)","(198, 0.005982339382171631)","(197, 0.0031830966472625732)","(196, 0.0030407533049583435)","(195, 0.0028862543404102325)","(193, 0.0020099878311157227)","(56, 0.0015220274217426777)","(57, 0.0014325075317174196)"
"(12, 0.37849903106689453)","(0, 0.3136606216430664)","(198, 0.04735693335533142)","(196, 0.010953012853860855)","(197, 0.009229574352502823)","(199, 0.008773669600486755)","(200, 0.008664295077323914)","(195, 0.0043515972793102264)","(182, 0.004043670371174812)","(193, 0.0034034624695777893)"
"(12, 0.3404369354248047)","(0, 0.2853374481201172)","(198, 0.025677703320980072)","(201, 0.021110057830810547)","(200, 0.00903312861919403)","(196, 0.0071702562272548676)","(197, 0.006025057286024094)","(193, 0.005892153829336166)","(170, 0.005668075755238533)","(199, 0.005655646324157715)"
"(12, 0.3801612854003906)","(0, 0.3182029724121094)","(201, 0.06006065011024475)","(202, 0.01241200789809227)","(198, 0.010531045496463776)","(200, 0.008486930280923843)","(196, 0.007540928199887276)","(197, 0.0070730820298194885)","(199, 0.004373487085103989)","(193, 0.002636205404996872)"
"(12, 0.3872060775756836)","(0, 0.3261222839355469)","(201, 0.044187601655721664)","(203, 0.01809573918581009)","(198, 0.011347495019435883)","(202, 0.010538965463638306)","(193, 0.0045573897659778595)","(200, 0.0038344115018844604)","(196, 0.0036239512264728546)","(199, 0.003147602081298828)"
"(12, 0.3524341583251953)","(0, 0.28792572021484375)","(203, 0.04716566950082779)","(201, 0.03928922116756439)","(202, 0.02715609222650528)","(204, 0.020560380071401596)","(198, 0.010619005188345909)","(197, 0.010599669069051743)","(200, 0.00956995040178299)","(196, 0.009115900844335556)"
"(12, 0.4142799377441406)","(0, 0.3452873229980469)","(203, 0.017461193725466728)","(204, 0.01575123518705368)","(201, 0.012701988220214844)","(205, 0.010214433073997498)","(202, 0.009564138948917389)","(170, 0.003153756260871887)","(198, 0.0026346780359745026)","(196, 0.002624155953526497)"
"(12, 0.4154319763183594)","(0, 0.3485145568847656)","(203, 0.009375214576721191)","(198, 0.008011521771550179)","(204, 0.007579728960990906)","(201, 0.007392264902591705)","(206, 0.006715647876262665)","(202, 0.004120379686355591)","(184, 0.0031466148793697357)","(205, 0.003059741109609604)"
"(12, 0.3605194091796875)","(0, 0.3034858703613281)","(201, 0.021939918398857117)","(207, 0.0188770592212677)","(203, 0.01828821748495102)","(204, 0.017026491463184357)","(202, 0.015270061790943146)","(198, 0.007987426593899727)","(206, 0.007918134331703186)","(205, 0.004440538585186005)"
"(12, 0.402984619140625)","(0, 0.3336143493652344)","(207, 0.03198876231908798)","(204, 0.01434287242591381)","(201, 0.010568805038928986)","(208, 0.010123809799551964)","(203, 0.009625140577554703)","(202, 0.0068678949028253555)","(198, 0.004821574315428734)","(196, 0.004587968811392784)"
"(12, 0.4043312072753906)","(0, 0.331207275390625)","(207, 0.01734546571969986)","(209, 0.01060573011636734)","(204, 0.007032033056020737)","(208, 0.006740812212228775)","(201, 0.006243126466870308)","(203, 0.0046684518456459045)","(202, 0.003310689702630043)","(206, 0.003000296652317047)"
"(12, 0.36101531982421875)","(0, 0.2985343933105469)","(207, 0.03147672116756439)","(210, 0.019056707620620728)","(208, 0.015650175511837006)","(201, 0.014965252950787544)","(204, 0.012649057433009148)","(203, 0.011761084198951721)","(202, 0.008482467383146286)","(209, 0.0066630225628614426)"
"(12, 0.37897682189941406)","(0, 0.30045318603515625)","(210, 0.03010425716638565)","(207, 0.021394073963165283)","(201, 0.018295735120773315)","(204, 0.015866901725530624)","(203, 0.014785360544919968)","(208, 0.013557583093643188)","(202, 0.010164424777030945)","(209, 0.007564881816506386)"
"(12, 0.3595466613769531)","(0, 0.2887744903564453)","(212, 0.021154683083295822)","(211, 0.01850956119596958)","(210, 0.015691090375185013)","(207, 0.012892574071884155)","(208, 0.012013189494609833)","(204, 0.009503675624728203)","(201, 0.008762525394558907)","(198, 0.008685033768415451)"
"(12, 0.35871315002441406)","(0, 0.29036903381347656)","(212, 0.03159089386463165)","(213, 0.015634283423423767)","(210, 0.013745199888944626)","(198, 0.013133667409420013)","(207, 0.009159207344055176)","(211, 0.008555546402931213)","(201, 0.007654940709471703)","(200, 0.0063478983938694)"
"(12, 0.3908042907714844)","(0, 0.31377410888671875)","(212, 0.017117809504270554)","(213, 0.013970654457807541)","(210, 0.006646115332841873)","(214, 0.006536077708005905)","(198, 0.005988180637359619)","(211, 0.004865959286689758)","(207, 0.004780519753694534)","(201, 0.003990555182099342)"
"(12, 0.38201141357421875)","(0, 0.306610107421875)","(214, 0.014290109276771545)","(215, 0.011072337627410889)","(213, 0.007536713033914566)","(212, 0.007501635700464249)","(210, 0.005797233432531357)","(207, 0.005040615797042847)","(198, 0.0027726348489522934)","(201, 0.002668440341949463)"
"(12, 0.458221435546875)","(0, 0.357025146484375)","(215, 0.008959904313087463)","(216, 0.004683651030063629)","(214, 0.004498988389968872)","(212, 0.002828821539878845)","(213, 0.00246293842792511)","(210, 0.0023063290864229202)","(207, 0.0019256118685007095)","(184, 0.0014830026775598526)"
"(12, 0.4150238037109375)","(0, 0.3290214538574219)","(215, 0.016990967094898224)","(217, 0.011384278535842896)","(214, 0.0034572556614875793)","(216, 0.0033862702548503876)","(213, 0.002700885757803917)","(212, 0.002657342702150345)","(210, 0.0023890696465969086)","(207, 0.0019585583359003067)"
"(12, 0.3519439697265625)","(0, 0.2847862243652344)","(217, 0.026316843926906586)","(215, 0.020298190414905548)","(218, 0.016856394708156586)","(214, 0.011801369488239288)","(212, 0.010577483102679253)","(213, 0.008635032922029495)","(210, 0.00635172426700592)","(216, 0.006123431026935577)"
"(12, 0.35103607177734375)","(0, 0.28323936462402344)","(218, 0.021613314747810364)","(217, 0.020423278212547302)","(219, 0.01705031841993332)","(212, 0.009889774024486542)","(214, 0.008227817714214325)","(215, 0.007944285869598389)","(213, 0.007561624050140381)","(210, 0.003835640847682953)"
"(12, 0.3742256164550781)","(0, 0.29712867736816406)","(218, 0.019710570573806763)","(217, 0.01238521933555603)","(219, 0.009454168379306793)","(220, 0.008437573909759521)","(215, 0.005850803107023239)","(212, 0.00487360917031765)","(210, 0.004321897402405739)","(214, 0.004005465656518936)"
"(12, 0.3693084716796875)","(0, 0.29567718505859375)","(218, 0.019172869622707367)","(217, 0.015009276568889618)","(221, 0.012434490025043488)","(220, 0.010631538927555084)","(219, 0.009109705686569214)","(212, 0.006089217960834503)","(215, 0.005490776151418686)","(213, 0.00545453280210495)"
"(12, 0.33860015869140625)","(0, 0.2703742980957031)","(222, 0.01641383022069931)","(221, 0.012187374755740166)","(218, 0.011615511029958725)","(212, 0.008896797895431519)","(217, 0.008818209171295166)","(168, 0.006953364238142967)","(220, 0.006799355149269104)","(195, 0.0065490007400512695)"
"(12, 0.36065673828125)","(0, 0.28759002685546875)","(222, 0.03759206831455231)","(218, 0.01788264885544777)","(214, 0.014524491503834724)","(221, 0.013682300224900246)","(212, 0.011205187067389488)","(213, 0.010640518739819527)","(223, 0.00893276184797287)","(219, 0.007660491392016411)"
"(12, 0.3554096221923828)","(0, 0.2845888137817383)","(222, 0.03252864629030228)","(224, 0.020712003111839294)","(221, 0.015614407137036324)","(223, 0.014778882265090942)","(218, 0.013350306078791618)","(220, 0.00913027860224247)","(217, 0.007925095036625862)","(214, 0.006966220214962959)"
"(12, 0.3564300537109375)","(0, 0.2758769989013672)","(222, 0.015172615647315979)","(224, 0.012575792148709297)","(212, 0.010739048942923546)","(207, 0.009157037362456322)","(210, 0.008990678936243057)","(176, 0.008478948846459389)","(218, 0.007908899337053299)","(201, 0.0075313858687877655)"
