"(0, 0.049999624490737915)","(67, 0.0)","(78, 0.0)","(68, 0.0)","(69, 0.0)","(70, 0.0)","(71, 0.0)","(72, 0.0)","(76, 0.0)","(79, 0.0)"
"(0, 0.04636769741773605)","(1, 0.003631683997809887)","(67, 0.0)","(78, 0.0)","(68, 0.0)","(69, 0.0)","(70, 0.0)","(71, 0.0)","(72, 0.0)","(76, 0.0)"
"(0, 0.042230941355228424)","(2, 0.004488480743020773)","(1, 0.003280036384239793)","(72, 0.0)","(67, 0.0)","(71, 0.0)","(70, 0.0)","(69, 0.0)","(68, 0.0)","(78, 0.0)"
"(0, 0.04099017009139061)","(3, 0.00524479616433382)","(2, 0.002328184898942709)","(1, 0.001435633166693151)","(72, 0.0)","(67, 0.0)","(71, 0.0)","(70, 0.0)","(69, 0.0)","(68, 0.0)"
"(0, 0.04000456631183624)","(3, 0.00364590878598392)","(4, 0.003500494873151183)","(2, 0.0014410342555493116)","(1, 0.0014108064351603389)","(72, 0.0)","(67, 0.0)","(71, 0.0)","(70, 0.0)","(69, 0.0)"
"(0, 0.04056272655725479)","(5, 0.003139602020382881)","(3, 0.0021321240346878767)","(4, 0.0020110204350203276)","(1, 0.001273280824534595)","(2, 0.0008788956911303103)","(72, 0.0)","(71, 0.0)","(70, 0.0)","(73, 0.0)"
"(0, 0.039173658937215805)","(6, 0.0035869742278009653)","(5, 0.002034650417044759)","(3, 0.0017564535373821855)","(1, 0.00121889088768512)","(4, 0.0011334004811942577)","(2, 0.0010954904137179255)","(73, 0.0)","(72, 0.0)","(71, 0.0)"
"(0, 0.03997674956917763)","(7, 0.0037519680336117744)","(6, 0.0018486257176846266)","(3, 0.0013537227641791105)","(5, 0.00097762537188828)","(1, 0.0008033215999603271)","(4, 0.0007013270515017211)","(2, 0.000586068956181407)","(73, 0.0)","(72, 0.0)"
"(0, 0.040193792432546616)","(7, 0.002589699113741517)","(8, 0.002556644147261977)","(3, 0.0011121837887912989)","(6, 0.0009328958112746477)","(5, 0.0008208735380321741)","(1, 0.0006971029797568917)","(4, 0.0005782244843430817)","(2, 0.0005179852014407516)","(73, 0.0)"
"(0, 0.03989047929644585)","(9, 0.0027688145637512207)","(8, 0.001644187606871128)","(7, 0.0015630483394488692)","(3, 0.000977376359514892)","(6, 0.0008557116962037981)","(5, 0.0006961601902730763)","(1, 0.0006467923521995544)","(4, 0.0005397224449552596)","(2, 0.000416423543356359)"
"(0, 0.040776416659355164)","(10, 0.0022098280023783445)","(9, 0.0017343881772831082)","(7, 0.0011425298871472478)","(8, 0.00083695980720222)","(3, 0.0008361006039194763)","(6, 0.0006268142024055123)","(5, 0.0005930321058258414)","(1, 0.0005567275220528245)","(4, 0.00038747861981391907)"
"(0, 0.041018497198820114)","(11, 0.002252142410725355)","(10, 0.001370603102259338)","(7, 0.001036559697240591)","(9, 0.0008594928658567369)","(3, 0.0008052854100242257)","(8, 0.000613079231698066)","(6, 0.0005785770481452346)","(5, 0.0004597645893227309)","(1, 0.00044879585038870573)"
"(0, 0.040956366807222366)","(12, 0.0023298144806176424)","(11, 0.0016041180351749063)","(7, 0.0009333139751106501)","(10, 0.0007050076383166015)","(3, 0.0006694865296594799)","(9, 0.0006622677901759744)","(8, 0.0005012847250327468)","(6, 0.0004825516080018133)","(5, 0.00034918964956887066)"
"(0, 0.04115913808345795)","(13, 0.0019321059808135033)","(12, 0.0016112537123262882)","(11, 0.0008278343011625111)","(7, 0.0007538811769336462)","(3, 0.0006878769490867853)","(10, 0.0005919450777582824)","(9, 0.0005345931858755648)","(8, 0.0004526658449321985)","(6, 0.00038786037475802004)"
"(0, 0.040702566504478455)","(14, 0.002036350779235363)","(13, 0.0009748025331646204)","(3, 0.0006972062401473522)","(7, 0.0006885204929858446)","(1, 0.0006336802034638822)","(11, 0.0006095585413277149)","(12, 0.0005572357913479209)","(9, 0.0005375099135562778)","(5, 0.0005186343332752585)"
"(0, 0.03038473054766655)","(15, 0.005229234229773283)","(14, 0.0032799975015223026)","(1, 0.0014384100213646889)","(7, 0.0010647954186424613)","(5, 0.0010632892372086644)","(3, 0.0009831946808844805)","(11, 0.0008455863571725786)","(6, 0.0008171594236046076)","(9, 0.0008090279879979789)"
"(0, 0.021352257579565048)","(15, 0.008089599199593067)","(16, 0.006670553237199783)","(14, 0.0025271298363804817)","(1, 0.0014049343299120665)","(7, 0.0011091218329966068)","(3, 0.0011008639121428132)","(5, 0.0009612941648811102)","(11, 0.0008896611398085952)","(8, 0.0008546763565391302)"
"(0, 0.017998969182372093)","(16, 0.009079836308956146)","(15, 0.0062349699437618256)","(17, 0.0053441692143678665)","(14, 0.0021598937455564737)","(1, 0.0011584244202822447)","(3, 0.0008995425887405872)","(7, 0.0008901323308236897)","(9, 0.000723290431778878)","(8, 0.0007205908186733723)"
"(0, 0.015273461118340492)","(17, 0.007841596379876137)","(16, 0.00762994633987546)","(15, 0.0055749244056642056)","(18, 0.004345653112977743)","(14, 0.0019210240570828319)","(1, 0.0009541894542053342)","(3, 0.0007069495040923357)","(7, 0.000650236033834517)","(5, 0.000618928053881973)"
"(0, 0.01639438234269619)","(16, 0.006549039389938116)","(18, 0.006438323296606541)","(17, 0.006339350715279579)","(15, 0.004705597646534443)","(19, 0.0029164981096982956)","(14, 0.001579232863150537)","(1, 0.0007316659321077168)","(3, 0.0004956283955834806)","(5, 0.0004189223109278828)"
"(0, 0.013945176266133785)","(16, 0.006105948705226183)","(17, 0.005818914622068405)","(18, 0.005403686780482531)","(15, 0.004463711753487587)","(19, 0.004199664574116468)","(20, 0.003316601738333702)","(14, 0.0014104113215580583)","(1, 0.0007168689626269042)","(3, 0.000516209751367569)"
"(0, 0.011194413527846336)","(16, 0.005922766402363777)","(17, 0.005724868271499872)","(18, 0.005261740647256374)","(20, 0.005050118081271648)","(15, 0.004024079069495201)","(19, 0.003783800406381488)","(21, 0.0029426717665046453)","(14, 0.0012912014499306679)","(1, 0.000652087910566479)"
"(0, 0.012176933698356152)","(17, 0.005024432670325041)","(16, 0.0048619220033288)","(18, 0.00468183308839798)","(21, 0.004388706758618355)","(20, 0.004158198367804289)","(15, 0.0033782976679503918)","(19, 0.0033388074953109026)","(22, 0.002594731515273452)","(14, 0.0011695038992911577)"
"(0, 0.007113327272236347)","(16, 0.004719671793282032)","(18, 0.004701509606093168)","(17, 0.004700964782387018)","(20, 0.004135341849178076)","(22, 0.004126470070332289)","(21, 0.003992993850260973)","(15, 0.0035756868310272694)","(19, 0.0034836947452276945)","(23, 0.0032721899915486574)"
"(0, 0.009057934395968914)","(23, 0.0051609184592962265)","(16, 0.004206652753055096)","(17, 0.0040097227320075035)","(18, 0.003884676145389676)","(20, 0.0037444427143782377)","(21, 0.003588751656934619)","(22, 0.003588171908631921)","(15, 0.003033381886780262)","(19, 0.0030261503998190165)"
"(0, 0.009031841531395912)","(23, 0.004678449593484402)","(16, 0.003978076856583357)","(17, 0.0038646941538900137)","(24, 0.0036300707142800093)","(20, 0.0035733578260987997)","(18, 0.0035395824816077948)","(21, 0.00346281286329031)","(22, 0.0034540249034762383)","(15, 0.0027899653650820255)"
"(0, 0.006097900215536356)","(23, 0.004474921151995659)","(16, 0.003867137711495161)","(17, 0.0038303304463624954)","(18, 0.0036104393657296896)","(21, 0.003463377943262458)","(22, 0.0034340443089604378)","(20, 0.003307292703539133)","(24, 0.0032291526440531015)","(25, 0.002765467157587409)"
"(0, 0.009528672322630882)","(26, 0.004403457511216402)","(23, 0.004004478454589844)","(17, 0.0030162076000124216)","(27, 0.002987201325595379)","(24, 0.0029727648943662643)","(22, 0.0029667317867279053)","(16, 0.002911793300881982)","(18, 0.002802049508318305)","(21, 0.0026093078777194023)"
"(0, 0.010599400848150253)","(26, 0.004261074122041464)","(23, 0.003913536202162504)","(27, 0.0035086600109934807)","(24, 0.0028102160431444645)","(17, 0.00266155693680048)","(18, 0.002562550827860832)","(22, 0.002561871660873294)","(25, 0.0024966467171907425)","(28, 0.0023226714693009853)"
"(0, 0.01274784654378891)","(26, 0.0038968967273831367)","(23, 0.003652215003967285)","(24, 0.0028708898462355137)","(18, 0.0025736945681273937)","(22, 0.0023574153892695904)","(20, 0.002327276859432459)","(27, 0.0023029809817671776)","(25, 0.002279608277603984)","(21, 0.0022385655902326107)"
"(0, 0.014273435808718204)","(26, 0.0035679363645613194)","(23, 0.003347806865349412)","(24, 0.002614786848425865)","(20, 0.0024205397348850965)","(22, 0.0023691030219197273)","(25, 0.0022777034901082516)","(16, 0.0022529461421072483)","(21, 0.0022356053814291954)","(17, 0.002155827824026346)"
"(0, 0.013710519298911095)","(26, 0.0036461211275309324)","(23, 0.0034645891282707453)","(22, 0.002455425914376974)","(20, 0.002446299884468317)","(24, 0.0024300075601786375)","(21, 0.0024269521236419678)","(17, 0.00224872212857008)","(16, 0.002192088635638356)","(25, 0.002116166288033128)"
"(0, 0.014348633587360382)","(23, 0.0034537315368652344)","(26, 0.0032120393589138985)","(22, 0.0025441101752221584)","(24, 0.002391305984929204)","(21, 0.002343793399631977)","(16, 0.0022771775256842375)","(17, 0.0021162524353712797)","(18, 0.00208157766610384)","(20, 0.0019714192021638155)"
"(0, 0.016176000237464905)","(23, 0.003521320875734091)","(26, 0.002875826321542263)","(22, 0.0024219893384724855)","(24, 0.0023541715927422047)","(16, 0.00213978486135602)","(17, 0.002129392931237817)","(18, 0.0018956479616463184)","(20, 0.0018510926747694612)","(33, 0.0018488693749532104)"
"(0, 0.016392676159739494)","(23, 0.003328771563246846)","(26, 0.0028466605581343174)","(24, 0.0023901851382106543)","(16, 0.00216207979246974)","(34, 0.0021545880008488894)","(17, 0.002013259567320347)","(18, 0.0019392898539081216)","(22, 0.0019040529150515795)","(20, 0.001845305087044835)"
"(0, 0.013313954696059227)","(26, 0.002968850079923868)","(23, 0.0028789902571588755)","(24, 0.002448221668601036)","(16, 0.002355348551645875)","(35, 0.002245935145765543)","(17, 0.0022339660208672285)","(18, 0.0020194989629089832)","(22, 0.0019505956443026662)","(25, 0.0019480549963191152)"
"(0, 0.015307103283703327)","(26, 0.003043549135327339)","(23, 0.002791473874822259)","(17, 0.0022639951203018427)","(18, 0.0020521730184555054)","(16, 0.002038985723629594)","(22, 0.0019922296050935984)","(24, 0.001973290927708149)","(20, 0.0019166319398209453)","(25, 0.0018424713052809238)"
"(0, 0.01636640913784504)","(26, 0.0028839302249252796)","(23, 0.0027444721199572086)","(37, 0.0022607939317822456)","(18, 0.002049775794148445)","(16, 0.001988123171031475)","(17, 0.0018777713412418962)","(24, 0.001843523932620883)","(20, 0.001789250411093235)","(22, 0.0017841164954006672)"
"(0, 0.018710564821958542)","(23, 0.00253903865814209)","(26, 0.0022985755931586027)","(37, 0.0020362557843327522)","(16, 0.0019441426265984774)","(17, 0.0018776378128677607)","(20, 0.0018534422852098942)","(22, 0.001849210588261485)","(24, 0.0018349939491599798)","(18, 0.001719282241538167)"
"(0, 0.02044140174984932)","(23, 0.002678911667317152)","(26, 0.002263790462166071)","(17, 0.0019029357936233282)","(20, 0.0018675510073080659)","(22, 0.0017922194674611092)","(18, 0.0017534383805468678)","(16, 0.0017358273034915328)","(24, 0.0017341248458251357)","(21, 0.0016712683718651533)"
"(0, 0.019709933549165726)","(23, 0.0026135873049497604)","(26, 0.002352585783228278)","(40, 0.002260891254991293)","(22, 0.0018603542121127248)","(24, 0.0018324683187529445)","(18, 0.00182620610576123)","(21, 0.0017895752098411322)","(17, 0.001735697383992374)","(16, 0.0016988249262794852)"
"(0, 0.019814489409327507)","(23, 0.0027909339405596256)","(26, 0.0022863184567540884)","(22, 0.002030103001743555)","(24, 0.0018426112364977598)","(20, 0.0017317410092800856)","(41, 0.0017180669819936156)","(17, 0.0016878496389836073)","(18, 0.00166398286819458)","(21, 0.0016014666762202978)"
"(0, 0.01989791728556156)","(23, 0.002975735580548644)","(26, 0.0024653207510709763)","(24, 0.0019464280921965837)","(22, 0.0017886061687022448)","(20, 0.0017559723928570747)","(21, 0.0016418537124991417)","(18, 0.0015883930027484894)","(17, 0.0015346658183261752)","(16, 0.0014825718244537711)"
"(0, 0.01966947317123413)","(23, 0.002611381933093071)","(26, 0.002408062107861042)","(24, 0.002030037110671401)","(22, 0.0018068172503262758)","(43, 0.0017317122546955943)","(21, 0.0016569542931392789)","(16, 0.0016331073129549623)","(20, 0.0015793214552104473)","(25, 0.0014517855597659945)"
"(0, 0.018896816298365593)","(23, 0.002741217613220215)","(26, 0.0025639988016337156)","(22, 0.0018856385722756386)","(16, 0.0018716518534347415)","(44, 0.001851149252615869)","(24, 0.0018138615414500237)","(17, 0.0016285368474200368)","(25, 0.0015700110234320164)","(20, 0.0015399643452838063)"
"(0, 0.019648060202598572)","(23, 0.002623565262183547)","(26, 0.002534371567890048)","(45, 0.0020671910606324673)","(16, 0.0018067704513669014)","(24, 0.0017697581788524985)","(17, 0.0017373517621308565)","(22, 0.0016028076643124223)","(44, 0.0015634138835594058)","(18, 0.001425989088602364)"
"(0, 0.02086111716926098)","(23, 0.0023289311211556196)","(26, 0.0021952223032712936)","(46, 0.002053995616734028)","(24, 0.0017663449980318546)","(17, 0.001729945419356227)","(45, 0.0016327350167557597)","(16, 0.001611948013305664)","(18, 0.0016047045355662704)","(22, 0.0015072989044710994)"
"(0, 0.021754097193479538)","(26, 0.0023013066966086626)","(23, 0.0022928856778889894)","(18, 0.0016737786354497075)","(24, 0.0016264407895505428)","(17, 0.0016200767131522298)","(46, 0.0015683543169870973)","(16, 0.001454334706068039)","(47, 0.001451358781196177)","(22, 0.0014128349721431732)"
"(0, 0.022060444578528404)","(26, 0.0023424685932695866)","(23, 0.002093592891469598)","(16, 0.0015787015436217189)","(20, 0.0015537877334281802)","(24, 0.0015484173782169819)","(18, 0.0015267850831151009)","(48, 0.001513299997895956)","(17, 0.001399637432768941)","(22, 0.001297435606829822)"
"(0, 0.021739773452281952)","(26, 0.002151483204215765)","(23, 0.002035201760008931)","(16, 0.0018288763239979744)","(49, 0.0016612637555226684)","(20, 0.0016433378914371133)","(17, 0.001626322977244854)","(21, 0.0015132412081584334)","(22, 0.0015041588339954615)","(24, 0.0014668364310637116)"
"(0, 0.02304457686841488)","(23, 0.002225700533017516)","(26, 0.002015829086303711)","(17, 0.0017361412756145)","(22, 0.0016829967498779297)","(16, 0.0016352090751752257)","(21, 0.0015106865903362632)","(20, 0.001491845236159861)","(18, 0.0014725492801517248)","(24, 0.0013412843691185117)"
"(0, 0.022235412150621414)","(23, 0.002400198020040989)","(51, 0.0018933594692498446)","(26, 0.0017811059951782227)","(22, 0.0016451769042760134)","(18, 0.0015818655956536531)","(16, 0.001539250137284398)","(17, 0.001514013740234077)","(24, 0.0014248077059164643)","(21, 0.0013431463157758117)"
"(0, 0.025142550468444824)","(23, 0.0022443055640906096)","(52, 0.0015502932947129011)","(26, 0.001540901605039835)","(24, 0.0014719055034220219)","(22, 0.001382963266223669)","(17, 0.001368887024000287)","(16, 0.0013482390204444528)","(18, 0.0013045811792835593)","(20, 0.0012514613335952163)"
"(0, 0.022770538926124573)","(53, 0.0022414398845285177)","(23, 0.0021958183497190475)","(26, 0.00178395991679281)","(24, 0.00161188212223351)","(16, 0.0015332604525610805)","(20, 0.0014758032048121095)","(17, 0.0013804647605866194)","(18, 0.0013677426613867283)","(22, 0.0012919337023049593)"
"(0, 0.024667559191584587)","(26, 0.001943658571690321)","(23, 0.0018408382311463356)","(16, 0.001729602925479412)","(54, 0.0015068602515384555)","(24, 0.0014153813244774938)","(17, 0.0013874965952709317)","(22, 0.0013113283785060048)","(53, 0.0013026207452639937)","(21, 0.0012827798491343856)"
"(0, 0.02377128042280674)","(23, 0.0020659470465034246)","(26, 0.0020492910407483578)","(17, 0.0017351385904476047)","(16, 0.0017283812630921602)","(22, 0.00152346002869308)","(55, 0.0013780284207314253)","(18, 0.0013385395286604762)","(24, 0.0012741887476295233)","(20, 0.0012643450172618032)"
"(0, 0.023572199046611786)","(23, 0.002211488550528884)","(26, 0.001854702248238027)","(56, 0.0018130630487576127)","(17, 0.0016245077131316066)","(18, 0.0015628754626959562)","(16, 0.0015016540419310331)","(22, 0.001349126105196774)","(55, 0.0013450528495013714)","(24, 0.0013422584161162376)"
"(0, 0.024480821564793587)","(23, 0.001945484895259142)","(57, 0.0018975990824401379)","(56, 0.0016908644465729594)","(26, 0.0015397417591884732)","(18, 0.0014654439873993397)","(24, 0.0014316916931420565)","(17, 0.0014090656768530607)","(22, 0.0012675612233579159)","(16, 0.0012617309112101793)"
"(0, 0.024601731449365616)","(58, 0.002019234001636505)","(23, 0.001935166772454977)","(26, 0.001730104093439877)","(20, 0.0014966842718422413)","(18, 0.0013537880731746554)","(24, 0.00130928005091846)","(17, 0.0012435895623639226)","(22, 0.001224308623932302)","(16, 0.0012146229855716228)"
"(0, 0.024928873404860497)","(26, 0.001861232565715909)","(23, 0.0018165088258683681)","(59, 0.001644751406274736)","(58, 0.0014116520760580897)","(20, 0.0014017227804288268)","(21, 0.0013423982309177518)","(16, 0.001312917796894908)","(24, 0.0012760338140651584)","(22, 0.0012735581258311868)"
"(0, 0.024808332324028015)","(23, 0.0019306754693388939)","(60, 0.0017989492043852806)","(26, 0.0016741103027015924)","(22, 0.0015222312649711967)","(16, 0.0013549253344535828)","(59, 0.0013459873152896762)","(21, 0.0013008430832996964)","(20, 0.0012571990955621004)","(17, 0.0012567469384521246)"
"(0, 0.02389180101454258)","(23, 0.0023627043701708317)","(61, 0.0017804807284846902)","(26, 0.0016797310672700405)","(22, 0.0015271366573870182)","(60, 0.0014302900526672602)","(17, 0.0013657902600243688)","(24, 0.0013066844549030066)","(16, 0.0012882011942565441)","(18, 0.0012177686439827085)"
"(0, 0.02532656118273735)","(23, 0.002290781820192933)","(26, 0.0016182750696316361)","(24, 0.0015839834231883287)","(22, 0.0013865791261196136)","(62, 0.0013325095642358065)","(16, 0.0013046222738921642)","(18, 0.0012775191571563482)","(17, 0.0012421683641150594)","(61, 0.0010587244760245085)"
"(0, 0.024794384837150574)","(23, 0.0020166290923953056)","(63, 0.0019295370439067483)","(26, 0.0016740548890084028)","(24, 0.0014939013635739684)","(16, 0.0012608309043571353)","(17, 0.0012024714378640056)","(22, 0.001170495292171836)","(20, 0.0011518667452037334)","(62, 0.0011408078717067838)"
"(0, 0.027852851897478104)","(26, 0.0017577767139300704)","(23, 0.0015801608096808195)","(64, 0.0014559596311300993)","(63, 0.0013472470454871655)","(24, 0.0011997043620795012)","(16, 0.0011480019893497229)","(17, 0.001074137631803751)","(20, 0.001031596795655787)","(18, 0.0009906518971547484)"
"(0, 0.02794482186436653)","(65, 0.001720057101920247)","(26, 0.0017166269244626164)","(23, 0.001488307723775506)","(16, 0.0012628691038116813)","(17, 0.0011193917598575354)","(24, 0.001070120488293469)","(64, 0.0010572123574092984)","(22, 0.0010497148614376783)","(18, 0.001025745994411409)"
"(0, 0.025731034576892853)","(66, 0.0018162924097850919)","(23, 0.0017981695709750056)","(26, 0.0016938257031142712)","(17, 0.0013484950177371502)","(16, 0.0013414258137345314)","(65, 0.0012840195558965206)","(22, 0.0012509434018284082)","(18, 0.0011594858951866627)","(20, 0.0010646963492035866)"
"(0, 0.02594992145895958)","(23, 0.0019926310051232576)","(67, 0.0016358632128685713)","(26, 0.0015744322445243597)","(16, 0.0014233333058655262)","(17, 0.001363276271149516)","(18, 0.001329049002379179)","(24, 0.0012491524685174227)","(22, 0.0012086759088560939)","(20, 0.0011336463503539562)"
"(0, 0.02705339342355728)","(23, 0.0017388534033671021)","(68, 0.0014805167447775602)","(26, 0.0013869792455807328)","(16, 0.0013281989376991987)","(17, 0.0013067257823422551)","(24, 0.0012762759579345584)","(18, 0.0012139346217736602)","(22, 0.001130914082750678)","(20, 0.0011130785569548607)"
"(0, 0.02764182537794113)","(23, 0.00164771918207407)","(69, 0.0015403428114950657)","(26, 0.0014747423119843006)","(17, 0.001192815718241036)","(18, 0.0011452233884483576)","(16, 0.001143303932622075)","(20, 0.0011399094946682453)","(24, 0.0010941596701741219)","(22, 0.0010887725511565804)"
"(0, 0.02817561663687229)","(70, 0.0018201768398284912)","(23, 0.0016484701773151755)","(26, 0.0015234440797939897)","(16, 0.0011706547811627388)","(18, 0.001104027614928782)","(22, 0.0011032485635951161)","(20, 0.001086836913600564)","(17, 0.0010794800473377109)","(24, 0.0010738138807937503)"
"(0, 0.0280294306576252)","(71, 0.0019140803487971425)","(23, 0.0016335761174559593)","(70, 0.0013427713420242071)","(26, 0.0013384175254032016)","(22, 0.0011798469349741936)","(16, 0.0011013670591637492)","(17, 0.0010950915748253465)","(20, 0.001052697654813528)","(24, 0.0010459289187565446)"
"(0, 0.026464218273758888)","(72, 0.0023548034951090813)","(23, 0.0017894739285111427)","(71, 0.0014539040857926011)","(26, 0.0013695430243387818)","(16, 0.001176843885332346)","(22, 0.0011137938126921654)","(24, 0.0010838189627975225)","(17, 0.00106014683842659)","(18, 0.0010354322148486972)"
"(0, 0.02629920467734337)","(72, 0.0019656813237816095)","(73, 0.0018765032291412354)","(23, 0.0017017447389662266)","(26, 0.001372475060634315)","(16, 0.0013690798077732325)","(24, 0.0011810236610472202)","(22, 0.0011168696219101548)","(17, 0.0011053947964683175)","(18, 0.0009801090927794576)"
"(0, 0.02727174572646618)","(23, 0.001641576294787228)","(73, 0.0015383526915684342)","(74, 0.001459338702261448)","(26, 0.0013475584564730525)","(16, 0.0013031807029619813)","(17, 0.0012597026070579886)","(24, 0.0010852781124413013)","(22, 0.0010616437066346407)","(72, 0.0010289394995197654)"
"(0, 0.0269535593688488)","(23, 0.0016311097424477339)","(26, 0.0015019201673567295)","(75, 0.0014316976303234696)","(16, 0.0013038668548688293)","(17, 0.0012808154569938779)","(74, 0.0012219520285725594)","(18, 0.0012110626557841897)","(24, 0.0011044723214581609)","(22, 0.0009850081987679005)"
"(0, 0.02796299010515213)","(76, 0.001819264842197299)","(23, 0.0014612888917326927)","(26, 0.0013680756092071533)","(16, 0.0012453998206183314)","(17, 0.0011828136630356312)","(18, 0.0011321307392790914)","(24, 0.0010452852584421635)","(22, 0.0009987156372517347)","(20, 0.0009503334877081215)"
"(0, 0.029112400487065315)","(76, 0.0015092921676114202)","(23, 0.0013899845071136951)","(77, 0.001329711638391018)","(26, 0.0012656396720558405)","(16, 0.0011257416335865855)","(17, 0.0010959981009364128)","(18, 0.001019265502691269)","(20, 0.0010137708159163594)","(22, 0.0008761042263358831)"
"(0, 0.031037824228405952)","(78, 0.0013279616832733154)","(23, 0.0013132047606632113)","(26, 0.001205899752676487)","(16, 0.001102906302548945)","(17, 0.0010474398732185364)","(18, 0.0009917080169543624)","(20, 0.000954906630795449)","(24, 0.0008886733558028936)","(22, 0.0008840928785502911)"
"(0, 0.02699561044573784)","(23, 0.0016561574302613735)","(79, 0.0015429247869178653)","(26, 0.001349916448816657)","(17, 0.001274710288271308)","(22, 0.0012662612134590745)","(16, 0.0011996724642813206)","(18, 0.001194505486637354)","(20, 0.0011664797784760594)","(78, 0.0011200334411114454)"
"(0, 0.02790652960538864)","(23, 0.0018452954245731235)","(80, 0.0017768889665603638)","(26, 0.001343244919553399)","(22, 0.0012060956796631217)","(18, 0.0011397855123504996)","(20, 0.001112653291784227)","(17, 0.0011004203697666526)","(24, 0.0010367041686549783)","(16, 0.0010145604610443115)"
"(0, 0.02890019491314888)","(23, 0.0017741507617756724)","(81, 0.001320253941230476)","(26, 0.0012513980036601424)","(24, 0.0011732913553714752)","(22, 0.0011404923861846328)","(80, 0.0011001575039699674)","(20, 0.0010520282667130232)","(16, 0.0010208291932940483)","(18, 0.0009935263078659773)"
"(0, 0.02762732282280922)","(23, 0.0017585313180461526)","(82, 0.0017425140831619501)","(26, 0.0013234817888587713)","(24, 0.0011843439424410462)","(22, 0.001155526959337294)","(16, 0.0011310044210404158)","(20, 0.0010588419390842319)","(81, 0.0009996820008382201)","(17, 0.0009854473173618317)"
"(0, 0.027718152850866318)","(83, 0.0018968206131830812)","(23, 0.0016927600372582674)","(26, 0.0015043664025142789)","(82, 0.0012962588807567954)","(16, 0.0012524888152256608)","(24, 0.001106614014133811)","(22, 0.0010981842642650008)","(17, 0.0010517695918679237)","(21, 0.0009290456655435264)"
"(0, 0.027903607115149498)","(84, 0.0017160922288894653)","(23, 0.0016961634391918778)","(26, 0.001514916424639523)","(83, 0.0014761388301849365)","(16, 0.0013843970373272896)","(17, 0.0011989857302978635)","(24, 0.0011371172731742263)","(22, 0.001110956072807312)","(18, 0.0009960298193618655)"
"(0, 0.029035888612270355)","(84, 0.0016023400239646435)","(23, 0.0015543687622994184)","(85, 0.0015430611092597246)","(26, 0.0013503420632332563)","(17, 0.0012057478306815028)","(16, 0.001076272688806057)","(24, 0.0010192558402195573)","(18, 0.0009993670973926783)","(22, 0.0009162236819975078)"
"(0, 0.028671342879533768)","(86, 0.0015661704819649458)","(23, 0.001392186852172017)","(26, 0.0013651311164721847)","(18, 0.0011535254307091236)","(85, 0.001126836403273046)","(17, 0.0010343356989324093)","(24, 0.001031392370350659)","(16, 0.0010170238092541695)","(84, 0.0008810317376628518)"
"(0, 0.029360799118876457)","(87, 0.0015764060663059354)","(26, 0.0013149732258170843)","(23, 0.0012089539086446166)","(86, 0.0011426587589085102)","(16, 0.0010509443236514926)","(20, 0.0009808168979361653)","(18, 0.0009727041469886899)","(17, 0.0009545204229652882)","(24, 0.0009128901292569935)"
"(0, 0.028094936162233353)","(88, 0.0023712997790426016)","(87, 0.0012803578283637762)","(26, 0.001237662392668426)","(23, 0.0012048018397763371)","(16, 0.0010156698990613222)","(20, 0.0010057318722829223)","(17, 0.0009312920155934989)","(22, 0.0008646780042909086)","(18, 0.0008275657892227173)"
"(0, 0.029311716556549072)","(89, 0.001526218606159091)","(23, 0.0013622855767607689)","(88, 0.0013130438746884465)","(26, 0.0011364573147147894)","(16, 0.0010427889646962285)","(17, 0.000981891411356628)","(22, 0.0009812652133405209)","(21, 0.000935848627705127)","(18, 0.000882818247191608)"
"(0, 0.03221987187862396)","(90, 0.0014899491798132658)","(23, 0.001377989654429257)","(22, 0.0010008257813751698)","(26, 0.0009179216576740146)","(17, 0.0009152718121185899)","(18, 0.00084548385348171)","(16, 0.0008403419051319361)","(89, 0.0008250148384831846)","(24, 0.0007936537149362266)"
"(0, 0.032010797411203384)","(23, 0.0016026640078052878)","(91, 0.0012983322376385331)","(26, 0.0010267538018524647)","(90, 0.0009445604518987238)","(24, 0.000940633995924145)","(22, 0.000925639586057514)","(18, 0.0009149026591330767)","(16, 0.0008751223795115948)","(17, 0.000858939893078059)"
"(0, 0.028995418921113014)","(92, 0.0018771016038954258)","(23, 0.001492074690759182)","(26, 0.0011930339969694614)","(24, 0.0011218582512810826)","(16, 0.0010893610306084156)","(91, 0.0009635704918764532)","(20, 0.0009448230266571045)","(22, 0.000923974672332406)","(17, 0.0009040105505846441)"
"(0, 0.028210461139678955)","(93, 0.0018289845902472734)","(23, 0.0014528154861181974)","(26, 0.001390758785419166)","(16, 0.0012406728928908706)","(92, 0.0010945380199700594)","(17, 0.0010579990921542048)","(24, 0.0010278226109221578)","(22, 0.0009794735815376043)","(20, 0.0009627647814340889)"
"(0, 0.030929885804653168)","(26, 0.0013973221648484468)","(23, 0.0013643396086990833)","(94, 0.0013396883150562644)","(16, 0.001209717127494514)","(93, 0.0012013124069198966)","(17, 0.0010770438238978386)","(22, 0.0009135432774201035)","(18, 0.0008979058475233614)","(24, 0.0008480489486828446)"
"(0, 0.028547536581754684)","(95, 0.0018085634801536798)","(23, 0.0015414714580401778)","(26, 0.0012970149982720613)","(16, 0.00128618732560426)","(17, 0.0012341230176389217)","(18, 0.0010738091077655554)","(94, 0.001028963946737349)","(22, 0.0010250641498714685)","(24, 0.0009736650972627103)"
"(0, 0.027810774743556976)","(96, 0.0017706287326291203)","(23, 0.0015889322385191917)","(95, 0.0014342241920530796)","(17, 0.001280012889765203)","(26, 0.0012547028018161654)","(16, 0.0012157734017819166)","(18, 0.0011919315438717604)","(24, 0.001029777224175632)","(20, 0.0009604237857274711)"
"(0, 0.02946319617331028)","(97, 0.001631583902053535)","(96, 0.0014006983255967498)","(23, 0.001278719282709062)","(26, 0.0012018627021461725)","(16, 0.0011282713385298848)","(18, 0.0011112033389508724)","(17, 0.0010735467076301575)","(20, 0.000980093376711011)","(24, 0.000968758889939636)"
"(0, 0.030698424205183983)","(98, 0.0014553373912349343)","(97, 0.0013445254880934954)","(26, 0.0011396115878596902)","(23, 0.001132472767494619)","(16, 0.0010783649049699306)","(17, 0.0009840299608185887)","(20, 0.000956052856054157)","(18, 0.0009243975509889424)","(22, 0.0008391621522605419)"
"(0, 0.029835596680641174)","(99, 0.002099381759762764)","(23, 0.001270477194339037)","(26, 0.001131175784394145)","(98, 0.0011262517655268312)","(17, 0.0010053867008537054)","(16, 0.000990301719866693)","(20, 0.0009499311563558877)","(22, 0.0009221315267495811)","(18, 0.0009028310887515545)"
"(0, 0.029622860252857208)","(100, 0.0017949658213183284)","(99, 0.0015884473687037826)","(23, 0.0014719974715262651)","(22, 0.0010192871559411287)","(26, 0.0010139947989955544)","(16, 0.0009830683702602983)","(17, 0.0009628285188227892)","(18, 0.0009583958890289068)","(20, 0.0008796711335889995)"
"(0, 0.02908903919160366)","(101, 0.0018260455690324306)","(23, 0.001628625439479947)","(100, 0.001154791098088026)","(22, 0.0010660083498805761)","(26, 0.0010013803839683533)","(24, 0.0009931601816788316)","(17, 0.0009548600064590573)","(16, 0.0009366327431052923)","(18, 0.0009144725045189261)"
"(0, 0.029000451788306236)","(102, 0.0023007201962172985)","(23, 0.001504278159700334)","(101, 0.0012654996244236827)","(26, 0.001071710605174303)","(24, 0.0009717631619423628)","(16, 0.0009023214806802571)","(22, 0.0008846715209074318)","(20, 0.0008671875111758709)","(17, 0.000838671752717346)"
"(0, 0.032729629427194595)","(102, 0.0015401947312057018)","(103, 0.0012875518295913935)","(23, 0.0011779260821640491)","(26, 0.000994521426036954)","(16, 0.0008557282271794975)","(24, 0.0008374579483643174)","(22, 0.0007607167935930192)","(17, 0.0007074065506458282)","(20, 0.0006986370426602662)"
"(0, 0.03244278207421303)","(104, 0.0020548151805996895)","(23, 0.00124787213280797)","(26, 0.001095650834031403)","(16, 0.000919413985684514)","(17, 0.0008841218077577651)","(22, 0.0008394891046918929)","(24, 0.0007945235120132565)","(18, 0.0007336551207117736)","(20, 0.000724805286154151)"
